Station Date       Time      WL    Sigma I L 
8720220 01/01/2000 00:00   0.563   0.008 0 0
8720220 01/01/2000 01:00   0.204   0.008 0 0
8720220 01/01/2000 02:00  -0.050   0.005 0 0
8720220 01/01/2000 03:00  -0.119   0.005 0 0
8720220 01/01/2000 04:00   0.028   0.002 0 0
8720220 01/01/2000 05:00   0.231   0.005 0 0
8720220 01/01/2000 06:00   0.513   0.004 0 0
8720220 01/01/2000 07:00   0.818   0.004 0 0
8720220 01/01/2000 08:00   1.062   0.005 0 0
8720220 01/01/2000 09:00   1.239   0.003 0 0
8720220 01/01/2000 12:00   0.957   0.008 0 0
8720220 01/01/2000 13:00   0.596   0.004 0 0
8720220 01/01/2000 14:00   0.258   0.006 0 0
8720220 01/01/2000 15:00   0.040   0.004 0 0
8720220 01/01/2000 16:00   0.045   0.014 0 0
8720220 01/01/2000 17:00   0.135   0.006 0 0
8720220 01/01/2000 18:00   0.343   0.010 0 0
8720220 01/01/2000 19:00   0.621   0.009 0 0
8720220 01/01/2000 20:00   0.883   0.003 0 0
8720220 01/01/2000 21:00   1.054   0.005 0 0
8720220 01/01/2000 22:00   1.134   0.003 0 0
8720220 01/01/2000 23:00   1.082   0.004 0 0
8720220 02/01/2000 00:00   0.876   0.005 0 0
8720220 02/01/2000 01:00   0.517   0.011 0 0
8720220 02/01/2000 02:00   0.169   0.005 0 0
8720220 02/01/2000 03:00  -0.027   0.006 0 0
8720220 02/01/2000 04:00  -0.015   0.005 0 0
8720220 02/01/2000 05:00   0.097   0.006 0 0
8720220 02/01/2000 06:00   0.302   0.005 0 0
8720220 02/01/2000 07:00   0.608   0.005 0 0
8720220 02/01/2000 08:00   0.899   0.003 0 0
8720220 02/01/2000 09:00   1.147   0.005 0 0
8720220 02/01/2000 10:00   1.292   0.005 0 0
8720220 02/01/2000 11:00   1.326   0.003 0 0
8720220 02/01/2000 12:00   1.210   0.005 0 0
8720220 02/01/2000 13:00   0.917   0.005 0 0
8720220 02/01/2000 14:00   0.499   0.007 0 0
8720220 02/01/2000 15:00   0.197   0.006 0 0
8720220 02/01/2000 16:00   0.039   0.009 0 0
8720220 02/01/2000 17:00   0.026   0.007 0 0
8720220 02/01/2000 18:00   0.153   0.007 0 0
8720220 02/01/2000 19:00   0.407   0.005 0 0
8720220 02/01/2000 20:00   0.661   0.012 0 0
8720220 02/01/2000 21:00   0.902   0.006 0 0
8720220 02/01/2000 22:00   1.050   0.005 0 0
8720220 02/01/2000 23:00   1.135   0.009 0 0
8720220 03/01/2000 00:00   1.071   0.002 0 0
8720220 03/01/2000 01:00   0.848   0.006 0 0
8720220 03/01/2000 02:00   0.473   0.005 0 0
8720220 03/01/2000 03:00   0.151   0.006 0 0
8720220 03/01/2000 04:00  -0.020   0.004 0 0
8720220 03/01/2000 05:00  -0.004   0.003 0 0
8720220 03/01/2000 06:00   0.125   0.004 0 0
8720220 03/01/2000 07:00   0.383   0.009 0 0
8720220 03/01/2000 08:00   0.690   0.005 0 0
8720220 03/01/2000 09:00   0.988   0.006 0 0
8720220 03/01/2000 10:00   1.212   0.004 0 0
8720220 03/01/2000 11:00   1.374   0.004 0 0
8720220 03/01/2000 12:00   1.368   0.002 0 0
8720220 03/01/2000 13:00   1.193   0.005 0 0
8720220 03/01/2000 14:00   0.825   0.008 0 0
8720220 03/01/2000 15:00   0.432   0.008 0 0
8720220 03/01/2000 16:00   0.171   0.007 0 0
8720220 03/01/2000 17:00   0.023   0.008 0 0
8720220 03/01/2000 18:00   0.052   0.005 0 0
8720220 03/01/2000 19:00   0.225   0.005 0 0
8720220 03/01/2000 20:00   0.499   0.006 0 0
8720220 03/01/2000 21:00   0.764   0.007 0 0
8720220 03/01/2000 22:00   0.999   0.009 0 0
8720220 03/01/2000 23:00   1.156   0.004 0 0
8720220 04/01/2000 00:00   1.167   0.004 0 0
8720220 04/01/2000 01:00   1.016   0.005 0 0
8720220 04/01/2000 02:00   0.703   0.006 0 0
8720220 04/01/2000 03:00   0.351   0.006 0 0
8720220 04/01/2000 04:00   0.086   0.005 0 0
8720220 04/01/2000 05:00  -0.011   0.007 0 0
8720220 04/01/2000 06:00   0.017   0.007 0 0
8720220 04/01/2000 07:00   0.186   0.005 0 0
8720220 04/01/2000 08:00   0.471   0.004 0 0
8720220 04/01/2000 09:00   0.804   0.007 0 0
8720220 04/01/2000 10:00   1.062   0.005 0 0
8720220 04/01/2000 11:00   1.256   0.004 0 0
8720220 04/01/2000 12:00   1.354   0.002 0 0
8720220 04/01/2000 13:00   1.276   0.002 0 0
8720220 04/01/2000 14:00   1.048   0.005 0 0
8720220 04/01/2000 15:00   0.655   0.007 0 0
8720220 04/01/2000 16:00   0.313   0.008 0 0
8720220 04/01/2000 17:00   0.054   0.007 0 0
8720220 04/01/2000 18:00  -0.035   0.014 0 0
8720220 04/01/2000 19:00   0.014   0.009 0 0
8720220 04/01/2000 20:00   0.224   0.012 0 0
8720220 04/01/2000 21:00   0.493   0.004 0 0
8720220 04/01/2000 22:00   0.772   0.005 0 0
8720220 04/01/2000 23:00   0.984   0.005 0 0
8720220 05/01/2000 00:00   1.101   0.003 0 0
8720220 05/01/2000 01:00   1.080   0.007 0 0
8720220 05/01/2000 02:00   0.893   0.005 0 0
8720220 05/01/2000 03:00   0.487   0.010 0 0
8720220 05/01/2000 04:00   0.101   0.007 0 0
8720220 05/01/2000 05:00  -0.186   0.011 0 0
8720220 05/01/2000 06:00  -0.307   0.006 0 0
8720220 05/01/2000 07:00  -0.210   0.003 0 0
8720220 05/01/2000 08:00   0.056   0.005 0 0
8720220 05/01/2000 09:00   0.425   0.005 0 0
8720220 05/01/2000 10:00   0.789   0.005 0 0
8720220 05/01/2000 11:00   1.042   0.002 0 0
8720220 05/01/2000 12:00   1.251   0.010 0 0
8720220 05/01/2000 13:00   1.259   0.005 0 0
8720220 05/01/2000 14:00   1.180   0.005 0 0
8720220 05/01/2000 15:00   0.924   0.005 0 0
8720220 05/01/2000 16:00   0.535   0.009 0 0
8720220 05/01/2000 17:00   0.192   0.009 0 0
8720220 05/01/2000 18:00  -0.021   0.007 0 0
8720220 05/01/2000 19:00  -0.048   0.006 0 0
8720220 05/01/2000 20:00   0.097   0.005 0 0
8720220 05/01/2000 21:00   0.392   0.003 0 0
8720220 05/01/2000 22:00   0.690   0.004 0 0
8720220 05/01/2000 23:00   0.943   0.006 0 0
8720220 06/01/2000 00:00   1.134   0.002 0 0
8720220 06/01/2000 01:00   1.199   0.003 0 0
8720220 06/01/2000 02:00   1.090   0.003 0 0
8720220 06/01/2000 03:00   0.857   0.005 0 0
8720220 06/01/2000 04:00   0.503   0.005 0 0
8720220 06/01/2000 05:00   0.196   0.008 0 0
8720220 06/01/2000 06:00   0.001   0.014 0 0
8720220 06/01/2000 07:00   0.010   0.007 0 0
8720220 06/01/2000 08:00   0.223   0.014 0 0
8720220 06/01/2000 09:00   0.529   0.005 0 0
8720220 06/01/2000 10:00   0.820   0.005 0 0
8720220 06/01/2000 11:00   1.094   0.005 0 0
8720220 06/01/2000 12:00   1.352   0.003 0 0
8720220 06/01/2000 13:00   1.455   0.004 0 0
8720220 06/01/2000 14:00   1.432   0.004 0 0
8720220 06/01/2000 15:00   1.110   0.006 0 0
8720220 06/01/2000 16:00   0.549   0.005 0 0
8720220 06/01/2000 17:00   0.285   0.007 0 0
8720220 06/01/2000 18:00   0.095   0.008 0 0
8720220 06/01/2000 19:00   0.101   0.006 0 0
8720220 06/01/2000 20:00   0.273   0.008 0 0
8720220 06/01/2000 21:00   0.582   0.005 0 0
8720220 06/01/2000 22:00   0.879   0.007 0 0
8720220 06/01/2000 23:00   1.135   0.005 0 0
8720220 07/01/2000 00:00   1.269   0.003 0 0
8720220 07/01/2000 01:00   1.275   0.004 0 0
8720220 07/01/2000 02:00   1.128   0.004 0 0
8720220 07/01/2000 03:00   0.843   0.007 0 0
8720220 07/01/2000 04:00   0.480   0.006 0 0
8720220 07/01/2000 05:00   0.167   0.009 0 0
8720220 07/01/2000 06:00   0.006   0.008 0 0
8720220 07/01/2000 07:00   0.047   0.005 0 0
8720220 07/01/2000 08:00   0.300   0.007 0 0
8720220 07/01/2000 09:00   0.610   0.006 0 0
8720220 07/01/2000 10:00   0.940   0.010 0 0
8720220 07/01/2000 11:00   1.198   0.005 0 0
8720220 07/01/2000 12:00   1.395   0.005 0 0
8720220 07/01/2000 13:00   1.448   0.003 0 0
8720220 07/01/2000 14:00   1.358   0.004 0 0
8720220 07/01/2000 15:00   1.119   0.004 0 0
8720220 07/01/2000 16:00   0.676   0.012 0 0
8720220 07/01/2000 17:00   0.308   0.011 0 0
8720220 07/01/2000 18:00   0.043   0.008 0 0
8720220 07/01/2000 19:00  -0.013   0.009 0 0
8720220 07/01/2000 20:00   0.070   0.006 0 0
8720220 07/01/2000 21:00   0.366   0.011 0 0
8720220 07/01/2000 22:00   0.683   0.005 0 0
8720220 07/01/2000 23:00   0.974   0.005 0 0
8720220 08/01/2000 00:00   1.168   0.005 0 0
8720220 08/01/2000 01:00   1.266   0.004 0 0
8720220 08/01/2000 02:00   1.209   0.003 0 0
8720220 08/01/2000 03:00   0.982   0.007 0 0
8720220 08/01/2000 04:00   0.571   0.006 0 0
8720220 08/01/2000 05:00   0.236   0.009 0 0
8720220 08/01/2000 06:00   0.060   0.008 0 0
8720220 08/01/2000 07:00   0.067   0.004 0 0
8720220 08/01/2000 08:00   0.188   0.006 0 0
8720220 08/01/2000 09:00   0.444   0.005 0 0
8720220 08/01/2000 10:00   0.770   0.006 0 0
8720220 08/01/2000 11:00   1.099   0.005 0 0
8720220 08/01/2000 12:00   1.340   0.006 0 0
8720220 08/01/2000 13:00   1.485   0.003 0 0
8720220 08/01/2000 14:00   1.487   0.008 0 0
8720220 08/01/2000 15:00   1.371   0.005 0 0
8720220 08/01/2000 16:00   1.089   0.008 0 0
8720220 08/01/2000 17:00   0.693   0.007 0 0
8720220 08/01/2000 18:00   0.355   0.012 0 0
8720220 08/01/2000 19:00   0.172   0.007 0 0
8720220 08/01/2000 20:00   0.160   0.010 0 0
8720220 08/01/2000 21:00   0.329   0.007 0 0
8720220 08/01/2000 22:00   0.606   0.007 0 0
8720220 08/01/2000 23:00   0.894   0.005 0 0
8720220 09/01/2000 00:00   1.123   0.008 0 0
8720220 09/01/2000 01:00   1.300   0.005 0 0
8720220 09/01/2000 02:00   1.369   0.003 0 0
8720220 09/01/2000 03:00   1.276   0.004 0 0
8720220 09/01/2000 04:00   1.020   0.008 0 0
8720220 09/01/2000 05:00   0.596   0.007 0 0
8720220 09/01/2000 06:00   0.316   0.010 0 0
8720220 09/01/2000 07:00   0.144   0.005 0 0
8720220 09/01/2000 08:00   0.140   0.003 0 0
8720220 09/01/2000 09:00   0.299   0.005 0 0
8720220 09/01/2000 10:00   0.580   0.005 0 0
8720220 09/01/2000 11:00   0.938   0.007 0 0
8720220 09/01/2000 12:00   1.214   0.006 0 0
8720220 09/01/2000 13:00   1.428   0.005 0 0
8720220 09/01/2000 14:00   1.539   0.003 0 0
8720220 09/01/2000 15:00   1.521   0.009 0 0
8720220 09/01/2000 16:00   1.342   0.007 0 0
8720220 09/01/2000 17:00   0.926   0.007 0 0
8720220 09/01/2000 18:00   0.493   0.010 0 0
8720220 09/01/2000 19:00   0.239   0.013 0 0
8720220 09/01/2000 20:00   0.135   0.008 0 0
8720220 09/01/2000 21:00   0.181   0.007 0 0
8720220 09/01/2000 22:00   0.383   0.008 0 0
8720220 09/01/2000 23:00   0.684   0.006 0 0
8720220 10/01/2000 00:00   0.991   0.006 0 0
8720220 10/01/2000 01:00   1.186   0.005 0 0
8720220 10/01/2000 02:00   1.313   0.004 0 0
8720220 10/01/2000 03:00   1.319   0.003 0 0
8720220 10/01/2000 04:00   1.129   0.006 0 0
8720220 10/01/2000 05:00   0.735   0.006 0 0
8720220 10/01/2000 06:00   0.387   0.008 0 0
8720220 10/01/2000 07:00   0.187   0.010 0 0
8720220 10/01/2000 08:00   0.105   0.006 0 0
8720220 10/01/2000 09:00   0.145   0.004 0 0
8720220 10/01/2000 10:00   0.347   0.009 0 0
8720220 10/01/2000 11:00   0.637   0.007 0 0
8720220 10/01/2000 12:00   0.909   0.045 0 0
8720220 10/01/2000 13:00   1.142   0.003 0 0
8720220 10/01/2000 14:00   1.281   0.000 1 0
8720220 10/01/2000 15:00   1.373   0.003 1 0
8720220 10/01/2000 16:00   1.397   0.003 1 0
8720220 10/01/2000 17:00   1.298   0.004 0 0
8720220 10/01/2000 18:00   1.024   0.006 0 0
8720220 10/01/2000 19:00   0.555   0.009 0 0
8720220 10/01/2000 20:00   0.246   0.007 0 0
8720220 10/01/2000 21:00   0.060   0.005 0 0
8720220 10/01/2000 22:00  -0.040   0.005 0 0
8720220 10/01/2000 23:00   0.007   0.003 0 0
8720220 11/01/2000 00:00   0.261   0.011 0 0
8720220 11/01/2000 01:00   0.550   0.006 0 0
8720220 11/01/2000 02:00   0.873   0.005 0 0
8720220 11/01/2000 03:00   1.072   0.006 0 0
8720220 11/01/2000 04:00   1.201   0.002 0 0
8720220 11/01/2000 05:00   1.149   0.002 0 0
8720220 11/01/2000 06:00   0.868   0.008 0 0
8720220 11/01/2000 07:00   0.484   0.005 0 0
8720220 11/01/2000 08:00   0.193   0.004 0 0
8720220 11/01/2000 09:00   0.027   0.005 0 0
8720220 11/01/2000 10:00   0.009   0.004 0 0
8720220 11/01/2000 11:00   0.102   0.003 0 0
8720220 11/01/2000 12:00   0.344   0.006 0 0
8720220 11/01/2000 13:00   0.631   0.008 0 0
8720220 11/01/2000 14:00   0.896   0.004 0 0
8720220 11/01/2000 15:00   1.120   0.003 0 0
8720220 11/01/2000 16:00   1.284   0.004 0 0
8720220 11/01/2000 17:00   1.290   0.003 0 0
8720220 11/01/2000 18:00   1.150   0.004 0 0
8720220 11/01/2000 19:00   0.825   0.004 0 0
8720220 11/01/2000 20:00   0.414   0.006 0 0
8720220 11/01/2000 21:00   0.101   0.023 0 0
8720220 11/01/2000 22:00  -0.037   0.005 0 0
8720220 11/01/2000 23:00  -0.055   0.007 0 0
8720220 12/01/2000 00:00   0.108   0.007 0 0
8720220 12/01/2000 01:00   0.342   0.011 0 0
8720220 12/01/2000 02:00   0.608   0.005 0 0
8720220 12/01/2000 03:00   0.886   0.005 0 0
8720220 12/01/2000 04:00   1.077   0.002 0 0
8720220 12/01/2000 05:00   1.133   0.003 0 0
8720220 12/01/2000 06:00   1.025   0.003 0 0
8720220 12/01/2000 07:00   0.741   0.007 0 0
8720220 12/01/2000 08:00   0.390   0.010 0 0
8720220 12/01/2000 09:00   0.108   0.004 0 0
8720220 12/01/2000 10:00  -0.056   0.007 0 0
8720220 12/01/2000 11:00  -0.028   0.003 0 0
8720220 12/01/2000 12:00   0.130   0.007 0 0
8720220 12/01/2000 13:00   0.353   0.005 0 0
8720220 12/01/2000 14:00   0.614   0.012 0 0
8720220 12/01/2000 15:00   0.861   0.008 0 0
8720220 12/01/2000 16:00   1.113   0.009 0 0
8720220 12/01/2000 17:00   1.242   0.005 0 0
8720220 12/01/2000 18:00   1.228   0.005 0 0
8720220 12/01/2000 19:00   1.010   0.005 0 0
8720220 12/01/2000 20:00   0.660   0.008 0 0
8720220 12/01/2000 21:00   0.296   0.007 0 0
8720220 12/01/2000 22:00   0.022   0.006 0 0
8720220 12/01/2000 23:00  -0.078   0.010 0 0
8720220 13/01/2000 00:00   0.000   0.004 0 0
8720220 13/01/2000 01:00   0.192   0.005 0 0
8720220 13/01/2000 02:00   0.473   0.004 0 0
8720220 13/01/2000 03:00   0.771   0.010 0 0
8720220 13/01/2000 04:00   1.036   0.004 0 0
8720220 13/01/2000 05:00   1.226   0.006 0 0
8720220 13/01/2000 06:00   1.257   0.003 0 0
8720220 13/01/2000 07:00   1.120   0.003 0 0
8720220 13/01/2000 08:00   0.841   0.003 0 0
8720220 13/01/2000 09:00   0.490   0.004 0 0
8720220 13/01/2000 10:00   0.209   0.008 0 0
8720220 13/01/2000 11:00   0.030   0.004 0 0
8720220 13/01/2000 12:00   0.035   0.004 0 0
8720220 13/01/2000 13:00   0.171   0.004 0 0
8720220 13/01/2000 14:00   0.421   0.004 0 0
8720220 13/01/2000 15:00   0.668   0.007 0 0
8720220 13/01/2000 16:00   0.916   0.008 0 0
8720220 13/01/2000 17:00   1.113   0.006 0 0
8720220 13/01/2000 18:00   1.194   0.009 0 0
8720220 13/01/2000 19:00   1.110   0.004 0 0
8720220 13/01/2000 20:00   0.862   0.011 0 0
8720220 13/01/2000 21:00   0.522   0.008 0 0
8720220 13/01/2000 22:00   0.146   0.007 0 0
8720220 13/01/2000 23:00  -0.077   0.004 0 0
8720220 14/01/2000 00:00  -0.138   0.010 0 0
8720220 14/01/2000 01:00  -0.090   0.007 0 0
8720220 14/01/2000 02:00   0.127   0.004 0 0
8720220 14/01/2000 03:00   0.440   0.004 0 0
8720220 14/01/2000 04:00   0.728   0.005 0 0
8720220 14/01/2000 05:00   0.957   0.003 0 0
8720220 14/01/2000 06:00   1.095   0.004 0 0
8720220 14/01/2000 07:00   1.145   0.005 0 0
8720220 14/01/2000 08:00   1.045   0.006 0 0
8720220 14/01/2000 09:00   0.755   0.005 0 0
8720220 14/01/2000 10:00   0.445   0.006 0 0
8720220 14/01/2000 11:00   0.202   0.005 0 0
8720220 14/01/2000 12:00   0.159   0.007 0 0
8720220 14/01/2000 13:00   0.251   0.005 0 0
8720220 14/01/2000 14:00   0.453   0.006 0 0
8720220 14/01/2000 15:00   0.617   0.007 0 0
8720220 14/01/2000 16:00   0.836   0.006 0 0
8720220 14/01/2000 17:00   1.013   0.007 0 0
8720220 14/01/2000 18:00   1.185   0.006 0 0
8720220 14/01/2000 19:00   1.247   0.005 0 0
8720220 14/01/2000 20:00   1.213   0.009 0 0
8720220 14/01/2000 21:00   1.048   0.005 0 0
8720220 14/01/2000 22:00   0.760   0.004 0 0
8720220 14/01/2000 23:00   0.490   0.009 0 0
8720220 15/01/2000 00:00   0.250   0.009 0 0
8720220 15/01/2000 01:00   0.080   0.007 0 0
8720220 15/01/2000 02:00   0.115   0.013 0 0
8720220 15/01/2000 03:00   0.337   0.007 0 0
8720220 15/01/2000 04:00   0.681   0.006 0 0
8720220 15/01/2000 05:00   0.992   0.005 0 0
8720220 15/01/2000 06:00   1.217   0.005 0 0
8720220 15/01/2000 07:00   1.385   0.004 0 0
8720220 15/01/2000 08:00   1.395   0.008 0 0
8720220 15/01/2000 09:00   1.272   0.005 0 0
8720220 15/01/2000 10:00   0.992   0.007 0 0
8720220 15/01/2000 11:00   0.627   0.007 0 0
8720220 15/01/2000 12:00   0.355   0.010 0 0
8720220 15/01/2000 13:00   0.190   0.013 0 0
8720220 15/01/2000 14:00   0.189   0.007 0 0
8720220 15/01/2000 15:00   0.313   0.004 0 0
8720220 15/01/2000 16:00   0.528   0.006 0 0
8720220 15/01/2000 17:00   0.813   0.006 0 0
8720220 15/01/2000 18:00   1.037   0.008 0 0
8720220 15/01/2000 19:00   1.204   0.009 0 0
8720220 15/01/2000 20:00   1.239   0.006 0 0
8720220 15/01/2000 21:00   1.128   0.016 0 0
8720220 15/01/2000 22:00   0.906   0.009 0 0
8720220 15/01/2000 23:00   0.596   0.006 0 0
8720220 16/01/2000 00:00   0.292   0.007 0 0
8720220 16/01/2000 01:00   0.034   0.012 0 0
8720220 16/01/2000 02:00  -0.073   0.005 0 0
8720220 16/01/2000 03:00   0.021   0.004 0 0
8720220 16/01/2000 04:00   0.286   0.004 0 0
8720220 16/01/2000 05:00   0.595   0.006 0 0
8720220 16/01/2000 06:00   0.903   0.004 0 0
8720220 16/01/2000 07:00   1.156   0.006 0 0
8720220 16/01/2000 08:00   1.350   0.008 0 0
8720220 16/01/2000 09:00   1.382   0.005 0 0
8720220 16/01/2000 10:00   1.225   0.004 0 0
8720220 16/01/2000 11:00   0.907   0.009 0 0
8720220 16/01/2000 12:00   0.531   0.007 0 0
8720220 16/01/2000 13:00   0.200   0.012 0 0
8720220 16/01/2000 14:00   0.006   0.007 0 0
8720220 16/01/2000 15:00  -0.010   0.005 0 0
8720220 16/01/2000 16:00   0.148   0.006 0 0
8720220 16/01/2000 17:00   0.394   0.006 0 0
8720220 16/01/2000 18:00   0.705   0.007 0 0
8720220 16/01/2000 19:00   0.934   0.009 0 0
8720220 16/01/2000 20:00   1.089   0.006 0 0
8720220 16/01/2000 21:00   1.163   0.007 0 0
8720220 16/01/2000 22:00   1.053   0.005 0 0
8720220 16/01/2000 23:00   0.794   0.004 0 0
8720220 17/01/2000 00:00   0.458   0.004 0 0
8720220 17/01/2000 01:00   0.100   0.009 0 0
8720220 17/01/2000 02:00  -0.170   0.004 0 0
8720220 17/01/2000 03:00  -0.255   0.008 0 0
8720220 17/01/2000 04:00  -0.139   0.004 0 0
8720220 17/01/2000 05:00   0.102   0.003 0 0
8720220 17/01/2000 06:00   0.445   0.015 0 0
8720220 17/01/2000 07:00   0.777   0.012 0 0
8720220 17/01/2000 08:00   1.064   0.004 0 0
8720220 17/01/2000 09:00   1.248   0.002 0 0
8720220 17/01/2000 10:00   1.298   0.002 0 0
8720220 17/01/2000 11:00   1.222   0.004 0 0
8720220 17/01/2000 12:00   0.945   0.007 0 0
8720220 17/01/2000 13:00   0.478   0.005 0 0
8720220 17/01/2000 14:00   0.118   0.005 0 0
8720220 17/01/2000 15:00  -0.082   0.004 0 0
8720220 17/01/2000 16:00  -0.088   0.005 0 0
8720220 17/01/2000 17:00   0.079   0.004 0 0
8720220 17/01/2000 18:00   0.364   0.004 0 0
8720220 17/01/2000 19:00   0.696   0.005 0 0
8720220 17/01/2000 20:00   1.012   0.004 0 0
8720220 17/01/2000 21:00   1.210   0.008 0 0
8720220 17/01/2000 22:00   1.321   0.002 0 0
8720220 17/01/2000 23:00   1.213   0.004 0 0
8720220 18/01/2000 00:00   1.004   0.005 0 0
8720220 18/01/2000 01:00   0.605   0.007 0 0
8720220 18/01/2000 02:00   0.249   0.006 0 0
8720220 18/01/2000 03:00   0.002   0.005 0 0
8720220 18/01/2000 04:00  -0.063   0.003 0 0
8720220 18/01/2000 05:00   0.048   0.005 0 0
8720220 18/01/2000 06:00   0.375   0.005 0 0
8720220 18/01/2000 07:00   0.749   0.004 0 0
8720220 18/01/2000 08:00   1.083   0.008 0 0
8720220 18/01/2000 09:00   1.420   0.004 0 0
8720220 18/01/2000 10:00   1.591   0.004 0 0
8720220 18/01/2000 11:00   1.656   0.004 0 0
8720220 18/01/2000 12:00   1.498   0.005 0 0
8720220 18/01/2000 13:00   1.169   0.012 0 0
8720220 18/01/2000 14:00   0.672   0.009 0 0
8720220 18/01/2000 15:00   0.257   0.011 0 0
8720220 18/01/2000 16:00   0.003   0.009 0 0
8720220 18/01/2000 17:00  -0.112   0.005 0 0
8720220 18/01/2000 18:00   0.065   0.006 0 0
8720220 18/01/2000 19:00   0.302   0.004 0 0
8720220 18/01/2000 20:00   0.658   0.006 0 0
8720220 18/01/2000 21:00   0.990   0.007 0 0
8720220 18/01/2000 22:00   1.205   0.005 0 0
8720220 18/01/2000 23:00   1.365   0.003 0 0
8720220 19/01/2000 00:00   1.293   0.008 0 0
8720220 19/01/2000 01:00   1.067   0.012 0 0
8720220 19/01/2000 02:00   0.541   0.009 0 0
8720220 19/01/2000 03:00   0.136   0.005 0 0
8720220 19/01/2000 04:00  -0.153   0.004 0 0
8720220 19/01/2000 05:00  -0.229   0.009 0 0
8720220 19/01/2000 06:00  -0.044   0.005 0 0
8720220 19/01/2000 07:00   0.313   0.008 0 0
8720220 19/01/2000 08:00   0.799   0.007 0 0
8720220 19/01/2000 09:00   1.197   0.005 0 0
8720220 19/01/2000 10:00   1.546   0.006 0 0
8720220 19/01/2000 11:00   1.733   0.004 0 0
8720220 19/01/2000 12:00   1.773   0.004 0 0
8720220 19/01/2000 13:00   1.605   0.004 0 0
8720220 19/01/2000 14:00   1.286   0.010 0 0
8720220 19/01/2000 15:00   0.815   0.008 0 0
8720220 19/01/2000 16:00   0.426   0.009 0 0
8720220 19/01/2000 17:00   0.161   0.009 0 0
8720220 19/01/2000 18:00   0.099   0.006 0 0
8720220 19/01/2000 19:00   0.183   0.014 0 0
8720220 19/01/2000 20:00   0.484   0.008 0 0
8720220 19/01/2000 21:00   0.816   0.006 0 0
8720220 19/01/2000 22:00   1.162   0.007 0 0
8720220 19/01/2000 23:00   1.430   0.005 0 0
8720220 20/01/2000 00:00   1.557   0.004 0 0
8720220 20/01/2000 01:00   1.478   0.005 0 0
8720220 20/01/2000 02:00   1.206   0.006 0 0
8720220 20/01/2000 03:00   0.715   0.008 0 0
8720220 20/01/2000 04:00   0.266   0.013 0 0
8720220 20/01/2000 05:00  -0.082   0.007 0 0
8720220 20/01/2000 06:00  -0.228   0.007 0 0
8720220 20/01/2000 07:00  -0.111   0.006 0 0
8720220 20/01/2000 08:00   0.263   0.007 0 0
8720220 20/01/2000 09:00   0.743   0.009 0 0
8720220 20/01/2000 10:00   1.162   0.008 0 0
8720220 20/01/2000 11:00   1.473   0.010 0 0
8720220 20/01/2000 12:00   1.661   0.009 0 0
8720220 20/01/2000 13:00   1.667   0.004 0 0
8720220 20/01/2000 14:00   1.434   0.008 0 0
8720220 20/01/2000 15:00   0.994   0.013 0 0
8720220 20/01/2000 16:00   0.591   0.010 0 0
8720220 20/01/2000 17:00   0.175   0.011 0 0
8720220 20/01/2000 18:00  -0.156   0.007 0 0
8720220 20/01/2000 19:00  -0.295   0.008 0 0
8720220 20/01/2000 20:00  -0.170   0.006 0 0
8720220 20/01/2000 21:00   0.258   0.011 0 0
8720220 20/01/2000 22:00   0.745   0.006 0 0
8720220 20/01/2000 23:00   1.106   0.005 0 0
8720220 21/01/2000 00:00   1.359   0.005 0 0
8720220 21/01/2000 01:00   1.449   0.014 0 0
8720220 21/01/2000 02:00   1.336   0.007 0 0
8720220 21/01/2000 03:00   0.954   0.008 0 0
8720220 21/01/2000 04:00   0.457   0.016 0 0
8720220 21/01/2000 05:00   0.052   0.007 0 0
8720220 21/01/2000 06:00  -0.197   0.008 0 0
8720220 21/01/2000 07:00  -0.253   0.004 0 0
8720220 21/01/2000 08:00  -0.049   0.008 0 0
8720220 21/01/2000 09:00   0.362   0.005 0 0
8720220 21/01/2000 10:00   0.837   0.008 0 0
8720220 21/01/2000 11:00   1.211   0.006 0 0
8720220 21/01/2000 12:00   1.569   0.009 0 0
8720220 21/01/2000 13:00   1.726   0.009 0 0
8720220 21/01/2000 14:00   1.712   0.004 0 0
8720220 21/01/2000 15:00   1.523   0.006 0 0
8720220 21/01/2000 16:00   1.104   0.011 0 0
8720220 21/01/2000 17:00   0.575   0.010 0 0
8720220 21/01/2000 18:00   0.173   0.007 0 0
8720220 21/01/2000 19:00  -0.102   0.006 0 0
8720220 21/01/2000 20:00  -0.152   0.003 0 0
8720220 21/01/2000 21:00   0.088   0.008 0 0
8720220 21/01/2000 22:00   0.474   0.006 0 0
8720220 21/01/2000 23:00   0.896   0.006 0 0
8720220 22/01/2000 00:00   1.229   0.004 0 0
8720220 22/01/2000 01:00   1.469   0.005 0 0
8720220 22/01/2000 02:00   1.562   0.005 0 0
8720220 22/01/2000 03:00   1.451   0.005 0 0
8720220 22/01/2000 04:00   1.096   0.008 0 0
8720220 22/01/2000 05:00   0.563   0.010 0 0
8720220 22/01/2000 06:00   0.126   0.010 0 0
8720220 22/01/2000 07:00  -0.159   0.010 0 0
8720220 22/01/2000 08:00  -0.221   0.004 0 0
8720220 22/01/2000 09:00   0.021   0.006 0 0
8720220 22/01/2000 10:00   0.445   0.008 0 0
8720220 22/01/2000 11:00   0.909   0.010 0 0
8720220 22/01/2000 12:00   1.288   0.004 0 0
8720220 22/01/2000 13:00   1.620   0.004 0 0
8720220 22/01/2000 14:00   1.797   0.005 0 0
8720220 22/01/2000 15:00   1.799   0.005 0 0
8720220 22/01/2000 16:00   1.541   0.007 0 0
8720220 22/01/2000 17:00   1.017   0.013 0 0
8720220 22/01/2000 18:00   0.491   0.010 0 0
8720220 22/01/2000 19:00   0.084   0.012 0 0
8720220 22/01/2000 20:00  -0.146   0.006 0 0
8720220 22/01/2000 21:00  -0.150   0.006 0 0
8720220 22/01/2000 22:00   0.140   0.007 0 0
8720220 22/01/2000 23:00   0.591   0.007 0 0
8720220 23/01/2000 00:00   1.008   0.010 0 0
8720220 23/01/2000 01:00   1.311   0.007 0 0
8720220 23/01/2000 02:00   1.529   0.007 0 0
8720220 23/01/2000 03:00   1.572   0.005 0 0
8720220 23/01/2000 04:00   1.432   0.005 0 0
8720220 23/01/2000 05:00   1.044   0.009 0 0
8720220 23/01/2000 06:00   0.539   0.010 0 0
8720220 23/01/2000 07:00   0.163   0.009 0 0
8720220 23/01/2000 08:00  -0.123   0.011 0 0
8720220 23/01/2000 09:00  -0.189   0.013 0 0
8720220 23/01/2000 10:00   0.024   0.016 0 0
8720220 23/01/2000 11:00   0.467   0.007 0 0
8720220 23/01/2000 12:00   0.902   0.005 0 0
8720220 23/01/2000 13:00   1.255   0.006 0 0
8720220 23/01/2000 14:00   1.556   0.005 0 0
8720220 23/01/2000 15:00   1.719   0.009 0 0
8720220 23/01/2000 16:00   1.671   0.005 0 0
8720220 23/01/2000 17:00   1.407   0.006 0 0
8720220 23/01/2000 18:00   0.897   0.010 0 0
8720220 23/01/2000 19:00   0.426   0.011 0 0
8720220 23/01/2000 20:00   0.041   0.015 0 0
8720220 23/01/2000 21:00  -0.166   0.014 0 0
8720220 23/01/2000 22:00  -0.052   0.017 0 0
8720220 23/01/2000 23:00   0.239   0.008 0 0
8720220 24/01/2000 00:00   0.673   0.011 0 0
8720220 24/01/2000 01:00   1.021   0.015 0 0
8720220 24/01/2000 02:00   1.317   0.009 0 0
8720220 24/01/2000 03:00   1.502   0.006 0 0
8720220 24/01/2000 04:00   1.543   0.003 0 0
8720220 24/01/2000 05:00   1.352   0.016 0 0
8720220 24/01/2000 06:00   0.923   0.010 0 0
8720220 24/01/2000 07:00   0.495   0.009 0 0
8720220 24/01/2000 08:00   0.181   0.011 0 0
8720220 24/01/2000 09:00  -0.035   0.011 0 0
8720220 24/01/2000 10:00   0.004   0.011 0 0
8720220 24/01/2000 11:00   0.215   0.002 0 0
8720220 24/01/2000 12:00   0.605   0.002 0 0
8720220 24/01/2000 13:00   1.026   0.005 0 0
8720220 24/01/2000 14:00   1.390   0.004 0 0
8720220 24/01/2000 15:00   1.668   0.006 0 0
8720220 24/01/2000 16:00   1.767   0.003 0 0
8720220 24/01/2000 17:00   1.676   0.003 0 0
8720220 24/01/2000 18:00   1.406   0.006 0 0
8720220 24/01/2000 19:00   0.931   0.011 0 0
8720220 24/01/2000 20:00   0.465   0.010 0 0
8720220 24/01/2000 21:00   0.126   0.009 0 0
8720220 24/01/2000 22:00  -0.024   0.007 0 0
8720220 24/01/2000 23:00   0.074   0.010 0 0
8720220 25/01/2000 00:00   0.318   0.009 0 0
8720220 25/01/2000 01:00   0.693   0.006 0 0
8720220 25/01/2000 02:00   1.036   0.008 0 0
8720220 25/01/2000 03:00   1.304   0.007 0 0
8720220 25/01/2000 04:00   1.496   0.006 0 0
8720220 25/01/2000 05:00   1.475   0.005 0 0
8720220 25/01/2000 06:00   1.279   0.005 0 0
8720220 25/01/2000 07:00   1.001   0.009 0 0
8720220 25/01/2000 08:00   0.631   0.006 0 0
8720220 25/01/2000 09:00   0.370   0.005 0 0
8720220 25/01/2000 10:00   0.158   0.011 0 0
8720220 25/01/2000 11:00   0.155   0.018 0 0
8720220 25/01/2000 12:00   0.286   0.004 0 0
8720220 25/01/2000 13:00   0.608   0.006 0 0
8720220 25/01/2000 14:00   0.979   0.007 0 0
8720220 25/01/2000 15:00   1.285   0.005 0 0
8720220 25/01/2000 16:00   1.531   0.003 0 0
8720220 25/01/2000 17:00   1.624   0.003 0 0
8720220 25/01/2000 18:00   1.552   0.003 0 0
8720220 25/01/2000 19:00   1.276   0.006 0 0
8720220 25/01/2000 20:00   0.771   0.011 0 0
8720220 25/01/2000 21:00   0.366   0.007 0 0
8720220 25/01/2000 22:00   0.119   0.005 0 0
8720220 25/01/2000 23:00   0.029   0.010 0 0
8720220 26/01/2000 00:00   0.154   0.009 0 0
8720220 26/01/2000 01:00   0.377   0.005 0 0
8720220 26/01/2000 02:00   0.702   0.006 0 0
8720220 26/01/2000 03:00   1.024   0.003 0 0
8720220 26/01/2000 04:00   1.243   0.004 0 0
8720220 26/01/2000 05:00   1.361   0.004 0 0
8720220 26/01/2000 06:00   1.358   0.007 0 0
8720220 26/01/2000 07:00   1.152   0.004 0 0
8720220 26/01/2000 08:00   0.800   0.006 0 0
8720220 26/01/2000 09:00   0.454   0.006 0 0
8720220 26/01/2000 10:00   0.196   0.005 0 0
8720220 26/01/2000 11:00   0.075   0.003 0 0
8720220 26/01/2000 12:00   0.118   0.003 0 0
8720220 26/01/2000 13:00   0.322   0.004 0 0
8720220 26/01/2000 14:00   0.642   0.009 0 0
8720220 26/01/2000 15:00   0.950   0.011 0 0
8720220 26/01/2000 16:00   1.204   0.006 0 0
8720220 26/01/2000 17:00   1.423   0.006 0 0
8720220 26/01/2000 18:00   1.430   0.011 0 0
8720220 26/01/2000 19:00   1.318   0.005 0 0
8720220 26/01/2000 20:00   0.965   0.007 0 0
8720220 26/01/2000 21:00   0.522   0.007 0 0
8720220 26/01/2000 22:00   0.242   0.005 0 0
8720220 26/01/2000 23:00   0.101   0.011 0 0
8720220 27/01/2000 00:00   0.047   0.003 0 0
8720220 27/01/2000 01:00   0.149   0.002 0 0
8720220 27/01/2000 02:00   0.398   0.006 0 0
8720220 27/01/2000 03:00   0.744   0.005 0 0
8720220 27/01/2000 04:00   1.032   0.004 0 0
8720220 27/01/2000 05:00   1.238   0.003 0 0
8720220 27/01/2000 06:00   1.335   0.003 0 0
8720220 27/01/2000 07:00   1.303   0.003 0 0
8720220 27/01/2000 08:00   1.108   0.003 0 0
8720220 27/01/2000 09:00   0.829   0.005 0 0
8720220 27/01/2000 10:00   0.468   0.007 0 0
8720220 27/01/2000 11:00   0.239   0.009 0 0
8720220 27/01/2000 12:00   0.126   0.004 0 0
8720220 27/01/2000 13:00   0.163   0.002 0 0
8720220 27/01/2000 14:00   0.374   0.004 0 0
8720220 27/01/2000 15:00   0.652   0.008 0 0
8720220 27/01/2000 16:00   0.925   0.008 0 0
8720220 27/01/2000 17:00   1.163   0.003 0 0
8720220 27/01/2000 18:00   1.321   0.005 0 0
8720220 27/01/2000 19:00   1.306   0.003 0 0
8720220 27/01/2000 20:00   1.111   0.005 0 0
8720220 27/01/2000 21:00   0.769   0.005 0 0
8720220 27/01/2000 22:00   0.473   0.006 0 0
8720220 27/01/2000 23:00   0.250   0.008 0 0
8720220 28/01/2000 00:00   0.111   0.004 0 0
8720220 28/01/2000 01:00   0.085   0.002 0 0
8720220 28/01/2000 02:00   0.254   0.007 0 0
8720220 28/01/2000 03:00   0.528   0.006 0 0
8720220 28/01/2000 04:00   0.817   0.007 0 0
8720220 28/01/2000 05:00   1.057   0.004 0 0
8720220 28/01/2000 06:00   1.252   0.005 0 0
8720220 28/01/2000 07:00   1.339   0.015 0 0
8720220 28/01/2000 08:00   1.306   0.004 0 0
8720220 28/01/2000 09:00   1.128   0.006 0 0
8720220 28/01/2000 10:00   0.853   0.006 0 0
8720220 28/01/2000 11:00   0.564   0.005 0 0
8720220 28/01/2000 12:00   0.345   0.006 0 0
8720220 28/01/2000 13:00   0.223   0.006 0 0
8720220 28/01/2000 14:00   0.266   0.007 0 0
8720220 28/01/2000 15:00   0.461   0.006 0 0
8720220 28/01/2000 16:00   0.743   0.004 0 0
8720220 28/01/2000 17:00   0.989   0.007 0 0
8720220 28/01/2000 18:00   1.197   0.005 0 0
8720220 28/01/2000 19:00   1.322   0.007 0 0
8720220 28/01/2000 20:00   1.287   0.006 0 0
8720220 28/01/2000 21:00   1.081   0.005 0 0
8720220 28/01/2000 22:00   0.808   0.010 0 0
8720220 28/01/2000 23:00   0.538   0.006 0 0
8720220 29/01/2000 00:00   0.338   0.007 0 0
8720220 29/01/2000 01:00   0.232   0.006 0 0
8720220 29/01/2000 02:00   0.221   0.005 0 0
8720220 29/01/2000 03:00   0.403   0.005 0 0
8720220 29/01/2000 04:00   0.662   0.004 0 0
8720220 29/01/2000 05:00   0.901   0.006 0 0
8720220 29/01/2000 06:00   1.136   0.009 0 0
8720220 29/01/2000 07:00   1.308   0.004 0 0
8720220 29/01/2000 08:00   1.403   0.005 0 0
8720220 29/01/2000 09:00   1.339   0.014 0 0
8720220 29/01/2000 10:00   1.230   0.004 0 0
8720220 29/01/2000 11:00   1.004   0.008 0 0
8720220 29/01/2000 12:00   0.718   0.004 0 0
8720220 29/01/2000 13:00   0.478   0.009 0 0
8720220 29/01/2000 14:00   0.361   0.010 0 0
8720220 29/01/2000 15:00   0.363   0.008 0 0
8720220 29/01/2000 16:00   0.547   0.004 0 0
8720220 29/01/2000 17:00   0.778   0.005 0 0
8720220 29/01/2000 18:00   1.003   0.006 0 0
8720220 29/01/2000 19:00   1.162   0.008 0 0
8720220 29/01/2000 20:00   1.247   0.004 0 0
8720220 29/01/2000 21:00   1.188   0.005 0 0
8720220 29/01/2000 22:00   1.032   0.005 0 0
8720220 29/01/2000 23:00   0.825   0.004 0 0
8720220 30/01/2000 00:00   0.574   0.007 0 0
8720220 30/01/2000 01:00   0.353   0.012 0 0
8720220 30/01/2000 02:00   0.214   0.006 0 0
8720220 30/01/2000 03:00   0.257   0.003 0 0
8720220 30/01/2000 04:00   0.415   0.004 0 0
8720220 30/01/2000 05:00   0.651   0.004 0 0
8720220 30/01/2000 06:00   0.892   0.005 0 0
8720220 30/01/2000 07:00   1.096   0.007 0 0
8720220 30/01/2000 08:00   1.245   0.004 0 0
8720220 30/01/2000 09:00   1.329   0.005 0 0
8720220 30/01/2000 10:00   1.270   0.004 0 0
8720220 30/01/2000 11:00   1.104   0.004 0 0
8720220 30/01/2000 12:00   0.821   0.009 0 0
8720220 30/01/2000 13:00   0.516   0.007 0 0
8720220 30/01/2000 14:00   0.291   0.014 0 0
8720220 30/01/2000 15:00   0.188   0.005 0 0
8720220 30/01/2000 16:00   0.284   0.005 0 0
8720220 30/01/2000 17:00   0.438   0.009 0 0
8720220 30/01/2000 18:00   0.646   0.004 0 0
8720220 30/01/2000 19:00   0.863   0.008 0 0
8720220 30/01/2000 20:00   1.059   0.006 0 0
8720220 30/01/2000 21:00   1.121   0.003 0 0
8720220 30/01/2000 22:00   1.069   0.004 0 0
8720220 30/01/2000 23:00   0.904   0.004 0 0
8720220 31/01/2000 00:00   0.656   0.005 0 0
8720220 31/01/2000 01:00   0.318   0.009 0 0
8720220 31/01/2000 02:00   0.027   0.010 0 0
8720220 31/01/2000 03:00  -0.042   0.005 0 0
8720220 31/01/2000 04:00   0.021   0.003 0 0
8720220 31/01/2000 05:00   0.275   0.008 0 0
8720220 31/01/2000 06:00   0.557   0.009 0 0
8720220 31/01/2000 07:00   0.783   0.005 0 0
8720220 31/01/2000 08:00   0.990   0.004 0 0
8720220 31/01/2000 09:00   1.133   0.002 0 0
8720220 31/01/2000 10:00   1.203   0.004 0 0
8720220 31/01/2000 11:00   1.133   0.005 0 0
8720220 31/01/2000 12:00   0.929   0.004 0 0
8720220 31/01/2000 13:00   0.670   0.013 0 0
8720220 31/01/2000 14:00   0.337   0.047 0 0
8720220 31/01/2000 15:00   0.153   0.003 0 0
8720220 31/01/2000 16:00   0.056   0.004 0 0
8720220 31/01/2000 17:00   0.135   0.003 0 0
8720220 31/01/2000 18:00   0.312   0.005 0 0
8720220 31/01/2000 19:00   0.541   0.004 0 0
8720220 31/01/2000 20:00   0.730   0.004 0 0
8720220 31/01/2000 21:00   0.882   0.005 0 0
8720220 31/01/2000 22:00   0.986   0.005 0 0
8720220 31/01/2000 23:00   0.957   0.003 0 0
8720220 01/02/2000 00:00   0.815   0.012 0 0
