Station Date       Time      WL    Sigma I L 
8721604 01/01/2000 00:00   0.271   0.005 0 0
8721604 01/01/2000 01:00   0.099   0.005 0 0
8721604 01/01/2000 02:00   0.090   0.006 0 0
8721604 01/01/2000 03:00   0.024   0.007 0 0
8721604 01/01/2000 04:00   0.117   0.007 0 0
8721604 01/01/2000 05:00   0.375   0.005 0 0
8721604 01/01/2000 06:00   0.633   0.004 0 0
8721604 01/01/2000 07:00   0.808   0.006 0 0
8721604 01/01/2000 08:00   1.003   0.006 0 0
8721604 01/01/2000 09:00   1.104   0.004 0 0
8721604 01/01/2000 10:00   1.033   0.005 0 0
8721604 01/01/2000 11:00   0.852   0.006 0 0
8721604 01/01/2000 12:00   0.607   0.006 0 0
8721604 01/01/2000 13:00   0.443   0.004 0 0
8721604 01/01/2000 14:00   0.192   0.004 0 0
8721604 01/01/2000 15:00   0.146   0.006 0 0
8721604 01/01/2000 16:00   0.155   0.010 0 0
8721604 01/01/2000 17:00   0.269   0.008 0 0
8721604 01/01/2000 18:00   0.431   0.007 0 0
8721604 01/01/2000 19:00   0.610   0.006 0 0
8721604 01/01/2000 20:00   0.723   0.005 0 0
8721604 01/01/2000 21:00   0.818   0.008 0 0
8721604 01/01/2000 22:00   0.858   0.009 0 0
8721604 01/01/2000 23:00   0.643   0.004 0 0
8721604 02/01/2000 00:00   0.440   0.004 0 0
8721604 02/01/2000 01:00   0.251   0.012 0 0
8721604 02/01/2000 02:00   0.062   0.007 0 0
8721604 02/01/2000 03:00  -0.018   0.006 0 0
8721604 02/01/2000 04:00  -0.004   0.005 0 0
8721604 02/01/2000 05:00   0.151   0.007 0 0
8721604 02/01/2000 06:00   0.390   0.006 0 0
8721604 02/01/2000 07:00   0.642   0.009 0 0
8721604 02/01/2000 08:00   0.878   0.011 0 0
8721604 02/01/2000 09:00   1.019   0.007 0 0
8721604 02/01/2000 10:00   1.075   0.010 0 0
8721604 02/01/2000 11:00   0.970   0.007 0 0
8721604 02/01/2000 12:00   0.802   0.009 0 0
8721604 02/01/2000 13:00   0.599   0.006 0 0
8721604 02/01/2000 14:00   0.363   0.007 0 0
8721604 02/01/2000 15:00   0.166   0.007 0 0
8721604 02/01/2000 16:00   0.079   0.010 0 0
8721604 02/01/2000 17:00   0.185   0.007 0 0
8721604 02/01/2000 18:00   0.261   0.006 0 0
8721604 02/01/2000 19:00   0.436   0.005 0 0
8721604 02/01/2000 20:00   0.590   0.009 0 0
8721604 02/01/2000 21:00   0.774   0.010 0 0
8721604 02/01/2000 22:00   0.854   0.011 0 0
8721604 02/01/2000 23:00   0.803   0.017 0 0
8721604 03/01/2000 00:00   0.663   0.011 0 0
8721604 03/01/2000 01:00   0.373   0.007 0 0
8721604 03/01/2000 02:00   0.253   0.006 0 0
8721604 03/01/2000 03:00   0.074   0.007 0 0
8721604 03/01/2000 04:00  -0.012   0.006 0 0
8721604 03/01/2000 05:00   0.086   0.012 0 0
8721604 03/01/2000 06:00   0.256   0.006 0 0
8721604 03/01/2000 07:00   0.469   0.006 0 0
8721604 03/01/2000 08:00   0.732   0.007 0 0
8721604 03/01/2000 09:00   0.974   0.007 0 0
8721604 03/01/2000 10:00   1.133   0.011 0 0
8721604 03/01/2000 11:00   1.122   0.007 0 0
8721604 03/01/2000 12:00   0.970   0.009 0 0
8721604 03/01/2000 13:00   0.797   0.008 0 0
8721604 03/01/2000 14:00   0.593   0.007 0 0
8721604 03/01/2000 15:00   0.318   0.007 0 0
8721604 03/01/2000 16:00   0.167   0.007 0 0
8721604 03/01/2000 17:00   0.137   0.010 0 0
8721604 03/01/2000 18:00   0.170   0.011 0 0
8721604 03/01/2000 19:00   0.304   0.009 0 0
8721604 03/01/2000 20:00   0.521   0.010 0 0
8721604 03/01/2000 21:00   0.672   0.012 0 0
8721604 03/01/2000 22:00   0.822   0.012 0 0
8721604 03/01/2000 23:00   0.782   0.016 0 0
8721604 04/01/2000 00:00   0.695   0.014 0 0
8721604 04/01/2000 01:00   0.590   0.010 0 0
8721604 04/01/2000 02:00   0.354   0.014 0 0
8721604 04/01/2000 03:00   0.152   0.009 0 0
8721604 04/01/2000 04:00   0.020   0.006 0 0
8721604 04/01/2000 05:00   0.012   0.009 0 0
8721604 04/01/2000 06:00   0.099   0.008 0 0
8721604 04/01/2000 07:00   0.299   0.008 0 0
8721604 04/01/2000 08:00   0.557   0.008 0 0
8721604 04/01/2000 09:00   0.835   0.013 0 0
8721604 04/01/2000 10:00   1.015   0.012 0 0
8721604 04/01/2000 11:00   1.080   0.010 0 0
8721604 04/01/2000 12:00   1.037   0.012 0 0
8721604 04/01/2000 13:00   0.892   0.011 0 0
8721604 04/01/2000 14:00   0.681   0.011 0 0
8721604 04/01/2000 15:00   0.431   0.010 0 0
8721604 04/01/2000 16:00   0.235   0.010 0 0
8721604 04/01/2000 17:00   0.077   0.012 0 0
8721604 04/01/2000 18:00   0.074   0.011 0 0
8721604 04/01/2000 19:00   0.160   0.006 0 0
8721604 04/01/2000 20:00   0.358   0.008 0 0
8721604 04/01/2000 21:00   0.512   0.014 0 0
8721604 04/01/2000 22:00   0.790   0.019 0 0
8721604 04/01/2000 23:00   0.878   0.017 0 0
8721604 05/01/2000 00:00   0.774   0.011 0 0
8721604 05/01/2000 01:00   0.662   0.013 0 0
8721604 05/01/2000 02:00   0.489   0.011 0 0
8721604 05/01/2000 03:00   0.264   0.010 0 0
8721604 05/01/2000 04:00   0.027   0.011 0 0
8721604 05/01/2000 05:00  -0.017   0.011 0 0
8721604 05/01/2000 06:00  -0.088   0.012 0 0
8721604 05/01/2000 07:00   0.096   0.007 0 0
8721604 05/01/2000 08:00   0.241   0.007 0 0
8721604 05/01/2000 09:00   0.564   0.017 0 0
8721604 05/01/2000 10:00   0.899   0.009 0 0
8721604 05/01/2000 11:00   1.012   0.009 0 0
8721604 05/01/2000 12:00   1.073   0.007 0 0
8721604 05/01/2000 13:00   0.938   0.010 0 0
8721604 05/01/2000 14:00   0.870   0.010 0 0
8721604 05/01/2000 15:00   0.530   0.007 0 0
8721604 05/01/2000 16:00   0.282   0.010 0 0
8721604 05/01/2000 17:00   0.131   0.009 0 0
8721604 05/01/2000 18:00   0.040   0.009 0 0
8721604 05/01/2000 19:00   0.094   0.006 0 0
8721604 05/01/2000 20:00   0.226   0.010 0 0
8721604 05/01/2000 21:00   0.507   0.009 0 0
8721604 05/01/2000 22:00   0.675   0.009 0 0
8721604 05/01/2000 23:00   0.828   0.011 0 0
8721604 06/01/2000 00:00   0.854   0.013 0 0
8721604 06/01/2000 01:00   0.790   0.008 0 0
8721604 06/01/2000 02:00   0.751   0.009 0 0
8721604 06/01/2000 03:00   0.480   0.009 0 0
8721604 06/01/2000 04:00   0.222   0.006 0 0
8721604 06/01/2000 05:00   0.148   0.012 0 0
8721604 06/01/2000 06:00   0.086   0.011 0 0
8721604 06/01/2000 07:00   0.105   0.008 0 0
8721604 06/01/2000 08:00   0.282   0.010 0 0
8721604 06/01/2000 09:00   0.601   0.012 0 0
8721604 06/01/2000 10:00   0.843   0.014 0 0
8721604 06/01/2000 11:00   1.032   0.013 0 0
8721604 06/01/2000 12:00   1.190   0.017 0 0
8721604 06/01/2000 13:00   1.232   0.011 0 0
8721604 06/01/2000 14:00   1.072   0.014 0 0
8721604 06/01/2000 15:00   0.801   0.009 0 0
8721604 06/01/2000 16:00   0.557   0.022 0 0
8721604 06/01/2000 17:00   0.336   0.010 0 0
8721604 06/01/2000 18:00   0.174   0.012 0 0
8721604 06/01/2000 19:00   0.044   0.008 0 0
8721604 06/01/2000 20:00   0.133   0.009 0 0
8721604 06/01/2000 21:00   0.312   0.016 0 0
8721604 06/01/2000 22:00   0.531   0.013 0 0
8721604 06/01/2000 23:00   0.712   0.037 0 0
8721604 07/01/2000 00:00   0.870   0.017 0 0
8721604 07/01/2000 01:00   0.839   0.017 0 0
8721604 07/01/2000 02:00   0.805   0.014 0 0
8721604 07/01/2000 03:00   0.633   0.015 0 0
8721604 07/01/2000 04:00   0.365   0.011 0 0
8721604 07/01/2000 05:00   0.169   0.010 0 0
8721604 07/01/2000 06:00   0.044   0.008 0 0
8721604 07/01/2000 07:00   0.041   0.010 0 0
8721604 07/01/2000 08:00   0.131   0.012 0 0
8721604 07/01/2000 09:00   0.370   0.011 0 0
8721604 07/01/2000 10:00   0.651   0.013 0 0
8721604 07/01/2000 11:00   0.914   0.015 0 0
8721604 07/01/2000 12:00   1.093   0.012 0 0
8721604 07/01/2000 13:00   1.125   0.015 0 0
8721604 07/01/2000 14:00   1.163   0.010 0 0
8721604 07/01/2000 15:00   1.012   0.014 0 0
8721604 07/01/2000 16:00   0.700   0.013 0 0
8721604 07/01/2000 17:00   0.428   0.012 0 0
8721604 07/01/2000 18:00   0.195   0.008 0 0
8721604 07/01/2000 19:00   0.076   0.008 0 0
8721604 07/01/2000 20:00   0.028   0.009 0 0
8721604 07/01/2000 21:00   0.196   0.005 0 0
8721604 07/01/2000 22:00   0.414   0.012 0 0
8721604 07/01/2000 23:00   0.565   0.011 0 0
8721604 08/01/2000 00:00   0.726   0.008 0 0
8721604 08/01/2000 01:00   0.877   0.013 0 0
8721604 08/01/2000 02:00   0.829   0.011 0 0
8721604 08/01/2000 03:00   0.732   0.013 0 0
8721604 08/01/2000 04:00   0.495   0 0
8721604 08/01/2000 05:00   0.262   0.011 0 0
8721604 08/01/2000 06:00   0.107   0.009 0 0
8721604 08/01/2000 07:00   0.003   0.006 0 0
8721604 08/01/2000 08:00   0.079   0.006 0 0
8721604 08/01/2000 09:00   0.235   0.006 0 0
8721604 08/01/2000 10:00   0.490   0.009 0 0
8721604 08/01/2000 11:00   0.801   0.008 0 0
8721604 08/01/2000 12:00   1.015   0.008 0 0
8721604 08/01/2000 13:00   1.171   0.010 0 0
8721604 08/01/2000 14:00   1.237   0.011 0 0
8721604 08/01/2000 15:00   1.187   0.010 0 0
8721604 08/01/2000 16:00   0.907   0.008 0 0
8721604 08/01/2000 17:00   0.629   0.012 0 0
8721604 08/01/2000 18:00   0.387   0.012 0 0
8721604 08/01/2000 19:00   0.194   0.006 0 0
8721604 08/01/2000 20:00   0.162   0.012 0 0
8721604 08/01/2000 21:00   0.198   0.008 0 0
8721604 08/01/2000 22:00   0.423   0.011 0 0
8721604 08/01/2000 23:00   0.604   0.007 0 0
8721604 09/01/2000 00:00   0.683   0.007 0 0
8721604 09/01/2000 01:00   0.873   0.009 0 0
8721604 09/01/2000 02:00   1.006   0.011 0 0
8721604 09/01/2000 03:00   0.904   0.009 0 0
8721604 09/01/2000 04:00   0.665   0.010 0 0
8721604 09/01/2000 05:00   0.530   0.008 0 0
8721604 09/01/2000 06:00   0.316   0.009 0 0
8721604 09/01/2000 07:00   0.123   0.008 0 0
8721604 09/01/2000 08:00   0.073   0.006 0 0
8721604 09/01/2000 09:00   0.141   0.013 0 0
8721604 09/01/2000 10:00   0.384   0.009 0 0
8721604 09/01/2000 11:00   0.644   0.007 0 0
8721604 09/01/2000 12:00   0.946   0.008 0 0
8721604 09/01/2000 13:00   1.075   0.007 0 0
8721604 09/01/2000 14:00   1.327   0.018 0 0
8721604 09/01/2000 15:00   1.335   0.017 0 0
8721604 09/01/2000 16:00   1.014   0.016 0 0
8721604 09/01/2000 17:00   0.830   0.018 0 0
8721604 09/01/2000 18:00   0.668   0.009 0 0
8721604 09/01/2000 19:00   0.385   0.013 0 0
8721604 09/01/2000 20:00   0.201   0.012 0 0
8721604 09/01/2000 21:00   0.262   0.009 0 0
8721604 09/01/2000 22:00   0.389   0.007 0 0
8721604 09/01/2000 23:00   0.533   0.029 0 0
8721604 10/01/2000 00:00   0.643   0.014 0 0
8721604 10/01/2000 01:00   0.831   0.011 0 0
8721604 10/01/2000 02:00   1.030   0.016 0 0
8721604 10/01/2000 03:00   0.979   0.008 0 0
8721604 10/01/2000 04:00   0.882   0.009 0 0
8721604 10/01/2000 05:00   0.689   0.013 0 0
8721604 10/01/2000 06:00   0.463   0.014 0 0
8721604 10/01/2000 07:00   0.291   0.011 0 0
8721604 10/01/2000 08:00   0.102   0.019 0 0
8721604 10/01/2000 09:00   0.099   0.008 0 0
8721604 10/01/2000 10:00   0.193   0.012 0 0
8721604 10/01/2000 11:00   0.501   0.011 0 0
8721604 10/01/2000 12:00   0.666   0.015 0 0
8721604 10/01/2000 13:00   0.896   0.012 0 0
8721604 10/01/2000 14:00   1.165   0.009 0 0
8721604 10/01/2000 15:00   1.220   0.012 0 0
8721604 10/01/2000 16:00   1.117   0.011 0 0
8721604 10/01/2000 17:00   0.858   0.014 0 0
8721604 10/01/2000 18:00   0.635   0.013 0 0
8721604 10/01/2000 19:00   0.425   0.009 0 0
8721604 10/01/2000 20:00   0.199   0.011 0 0
8721604 10/01/2000 21:00   0.154   0.009 0 0
8721604 10/01/2000 22:00   0.120   0.009 0 0
8721604 10/01/2000 23:00   0.210   0.037 0 0
8721604 11/01/2000 00:00   0.459   0.012 0 0
8721604 11/01/2000 01:00   0.606   0.015 0 0
8721604 11/01/2000 02:00   0.828   0.011 0 0
8721604 11/01/2000 03:00   0.935   0.012 0 0
8721604 11/01/2000 04:00   0.836   0.010 0 0
8721604 11/01/2000 05:00   0.652   0.011 0 0
8721604 11/01/2000 06:00   0.547   0.007 0 0
8721604 11/01/2000 07:00   0.340   0.007 0 0
8721604 11/01/2000 08:00   0.118   0.009 0 0
8721604 11/01/2000 09:00   0.047   0.006 0 0
8721604 11/01/2000 10:00   0.177   0.008 0 0
8721604 11/01/2000 11:00   0.237   0.008 0 0
8721604 11/01/2000 12:00   0.393   0.005 0 0
8721604 11/01/2000 13:00   0.642   0.009 0 0
8721604 11/01/2000 14:00   0.949   0.009 0 0
8721604 11/01/2000 15:00   1.081   0.009 0 0
8721604 11/01/2000 16:00   1.066   0.007 0 0
8721604 11/01/2000 17:00   1.037   0.013 0 0
8721604 11/01/2000 18:00   0.823   0.012 0 0
8721604 11/01/2000 19:00   0.517   0.008 0 0
8721604 11/01/2000 20:00   0.294   0.011 0 0
8721604 11/01/2000 21:00   0.131   0.007 0 0
8721604 11/01/2000 22:00   0.128   0.009 0 0
8721604 11/01/2000 23:00   0.159   0.007 0 0
8721604 12/01/2000 00:00   0.292   0.014 0 0
8721604 12/01/2000 01:00   0.404   0.006 0 0
8721604 12/01/2000 02:00   0.659   0.009 0 0
8721604 12/01/2000 03:00   0.896   0.009 0 0
8721604 12/01/2000 04:00   0.838   0.008 0 0
8721604 12/01/2000 05:00   0.846   0.010 0 0
8721604 12/01/2000 06:00   0.724   0.011 0 0
8721604 12/01/2000 07:00   0.512   0.014 0 0
8721604 12/01/2000 08:00   0.184   0.005 0 0
8721604 12/01/2000 09:00   0.138   0.007 0 0
8721604 12/01/2000 10:00   0.132   0.007 0 0
8721604 12/01/2000 11:00   0.113   0.007 0 0
8721604 12/01/2000 12:00   0.206   0.007 0 0
8721604 12/01/2000 13:00   0.477   0.006 0 0
8721604 12/01/2000 14:00   0.735   0.011 0 0
8721604 12/01/2000 15:00   0.888   0.008 0 0
8721604 12/01/2000 16:00   1.073   0.007 0 0
8721604 12/01/2000 17:00   1.009   0.011 0 0
8721604 12/01/2000 18:00   0.824   0.007 0 0
8721604 12/01/2000 19:00   0.662   0.008 0 0
8721604 12/01/2000 20:00   0.447   0.010 0 0
8721604 12/01/2000 21:00   0.211   0.007 0 0
8721604 12/01/2000 22:00   0.069   0.011 0 0
8721604 12/01/2000 23:00   0.097   0.009 0 0
8721604 13/01/2000 00:00   0.131   0.006 0 0
8721604 13/01/2000 01:00   0.267   0.008 0 0
8721604 13/01/2000 02:00   0.545   0.010 0 0
8721604 13/01/2000 03:00   0.788   0.008 0 0
8721604 13/01/2000 04:00   0.920   0.008 0 0
8721604 13/01/2000 05:00   0.894   0.012 0 0
8721604 13/01/2000 06:00   0.913   0.008 0 0
8721604 13/01/2000 07:00   0.810   0.008 0 0
8721604 13/01/2000 08:00   0.473   0.010 0 0
8721604 13/01/2000 09:00   0.310   0.008 0 0
8721604 13/01/2000 10:00   0.151   0.007 0 0
8721604 13/01/2000 11:00   0.150   0.007 0 0
8721604 13/01/2000 12:00   0.103   0.006 0 0
8721604 13/01/2000 13:00   0.295   0.007 0 0
8721604 13/01/2000 14:00   0.519   0.007 0 0
8721604 13/01/2000 15:00   0.694   0.012 0 0
8721604 13/01/2000 16:00   0.944   0.012 0 0
8721604 13/01/2000 17:00   0.944   0.010 0 0
8721604 13/01/2000 18:00   0.888   0.011 0 0
8721604 13/01/2000 19:00   0.796   0.009 0 0
8721604 13/01/2000 20:00   0.490   0.007 0 0
8721604 13/01/2000 21:00   0.303   0.008 0 0
8721604 13/01/2000 22:00   0.089   0.008 0 0
8721604 13/01/2000 23:00  -0.019   0.020 0 0
8721604 14/01/2000 00:00  -0.020   0.010 0 0
8721604 14/01/2000 01:00   0.054   0.007 0 0
8721604 14/01/2000 02:00   0.312   0.008 0 0
8721604 14/01/2000 03:00   0.486   0.010 0 0
8721604 14/01/2000 04:00   0.693   0.013 0 0
8721604 14/01/2000 05:00   0.844   0.011 0 0
8721604 14/01/2000 06:00   0.860   0.006 0 0
8721604 14/01/2000 07:00   0.925   0.009 0 0
8721604 14/01/2000 08:00   0.688   0.008 0 0
8721604 14/01/2000 09:00   0.481   0.008 0 0
8721604 14/01/2000 10:00   0.366   0.009 0 0
8721604 14/01/2000 11:00   0.087   0.020 0 0
8721604 14/01/2000 12:00   0.077   0.009 0 0
8721604 14/01/2000 13:00   0.197   0.011 0 0
8721604 14/01/2000 14:00   0.428   0.006 0 0
8721604 14/01/2000 15:00   0.598   0.009 0 0
8721604 14/01/2000 16:00   0.790   0.012 0 0
8721604 14/01/2000 17:00   1.013   0.015 0 0
8721604 14/01/2000 18:00   1.054   0.012 0 0
8721604 14/01/2000 19:00   0.966   0.011 0 0
8721604 14/01/2000 20:00   0.886   0.015 0 0
8721604 14/01/2000 21:00   0.751   0.016 0 0
8721604 14/01/2000 22:00   0.442   0.017 0 0
8721604 14/01/2000 23:00   0.212   0.011 0 0
8721604 15/01/2000 00:00   0.168   0.023 0 0
8721604 15/01/2000 01:00   0.187   0.011 0 0
8721604 15/01/2000 02:00   0.331   0.013 0 0
8721604 15/01/2000 03:00   0.586   0.016 0 0
8721604 15/01/2000 04:00   0.814   0.015 0 0
8721604 15/01/2000 05:00   1.004   0.016 0 0
8721604 15/01/2000 06:00   1.203   0.014 0 0
8721604 15/01/2000 07:00   1.187   0.015 0 0
8721604 15/01/2000 08:00   1.102   0.014 0 0
8721604 15/01/2000 09:00   0.865   0.016 0 0
8721604 15/01/2000 10:00   0.686   0.014 0 0
8721604 15/01/2000 11:00   0.457   0.013 0 0
8721604 15/01/2000 12:00   0.349   0.012 0 0
8721604 15/01/2000 13:00   0.244   0.010 0 0
8721604 15/01/2000 14:00   0.273   0.008 0 0
8721604 15/01/2000 15:00   0.431   0.010 0 0
8721604 15/01/2000 16:00   0.631   0.012 0 0
8721604 15/01/2000 17:00   0.853   0.013 0 0
8721604 15/01/2000 18:00   0.987   0.016 0 0
8721604 15/01/2000 19:00   0.984   0.019 0 0
8721604 15/01/2000 20:00   0.973   0.016 0 0
8721604 15/01/2000 21:00   0.811   0.012 0 0
8721604 15/01/2000 22:00   0.601   0.011 0 0
8721604 15/01/2000 23:00   0.286   0.015 0 0
8721604 16/01/2000 00:00   0.126   0.014 0 0
8721604 16/01/2000 01:00  -0.029   0.011 0 0
8721604 16/01/2000 02:00   0.055   0.014 0 0
8721604 16/01/2000 03:00   0.183   0.011 0 0
8721604 16/01/2000 04:00   0.399   0.016 0 0
8721604 16/01/2000 05:00   0.698   0.012 0 0
8721604 16/01/2000 06:00   0.871   0.014 0 0
8721604 16/01/2000 07:00   1.064   0.010 0 0
8721604 16/01/2000 08:00   1.046   0.012 0 0
8721604 16/01/2000 09:00   0.974   0.016 0 0
8721604 16/01/2000 10:00   0.837   0.014 0 0
8721604 16/01/2000 11:00   0.611   0.016 0 0
8721604 16/01/2000 12:00   0.324   0.013 0 0
8721604 16/01/2000 13:00   0.098   0.011 0 0
8721604 16/01/2000 14:00   0.082   0.010 0 0
8721604 16/01/2000 15:00   0.195   0.010 0 0
8721604 16/01/2000 16:00   0.279   0.011 0 0
8721604 16/01/2000 17:00   0.461   0.011 0 0
8721604 16/01/2000 18:00   0.717   0.011 0 0
8721604 16/01/2000 19:00   0.830   0.015 0 0
8721604 16/01/2000 20:00   0.830   0.011 0 0
8721604 16/01/2000 21:00   0.805   0.012 0 0
8721604 16/01/2000 22:00   0.701   0.010 0 0
8721604 16/01/2000 23:00   0.457   0.019 0 0
8721604 17/01/2000 00:00   0.181   0.014 0 0
8721604 17/01/2000 01:00   0.016   0.032 0 0
8721604 17/01/2000 02:00  -0.117   0.015 0 0
8721604 17/01/2000 03:00  -0.095   0.013 0 0
8721604 17/01/2000 04:00   0.078   0.009 0 0
8721604 17/01/2000 05:00   0.387   0.017 0 0
8721604 17/01/2000 06:00   0.673   0.010 0 0
8721604 17/01/2000 07:00   0.948   0.009 0 0
8721604 17/01/2000 08:00   1.079   0.010 0 0
8721604 17/01/2000 09:00   1.141   0.010 0 0
8721604 17/01/2000 10:00   1.094   0.010 0 0
8721604 17/01/2000 11:00   0.887   0.011 0 0
8721604 17/01/2000 12:00   0.572   0.010 0 0
8721604 17/01/2000 13:00   0.303   0.006 0 0
8721604 17/01/2000 14:00   0.075   0.008 0 0
8721604 17/01/2000 15:00   0.067   0.007 0 0
8721604 17/01/2000 16:00   0.043   0.011 0 0
8721604 17/01/2000 17:00   0.236   0.007 0 0
8721604 17/01/2000 18:00   0.470   0.012 0 0
8721604 17/01/2000 19:00   0.650   0.005 0 0
8721604 17/01/2000 20:00   0.884   0.008 0 0
8721604 17/01/2000 21:00   0.957   0.012 0 0
8721604 17/01/2000 22:00   0.865   0.008 0 0
8721604 17/01/2000 23:00   0.726   0.014 0 0
8721604 18/01/2000 00:00   0.459   0.009 0 0
8721604 18/01/2000 01:00   0.164   0.011 0 0
8721604 18/01/2000 02:00  -0.077   0.031 0 0
8721604 18/01/2000 03:00  -0.072   0.014 0 0
8721604 18/01/2000 04:00  -0.065   0.005 0 0
8721604 18/01/2000 05:00   0.114   0.007 0 0
8721604 18/01/2000 06:00   0.437   0.013 0 0
8721604 18/01/2000 07:00   0.807   0.011 0 0
8721604 18/01/2000 08:00   1.120   0.011 0 0
8721604 18/01/2000 09:00   1.363   0.009 0 0
8721604 18/01/2000 10:00   1.404   0.006 0 0
8721604 18/01/2000 11:00   1.266   0.007 0 0
8721604 18/01/2000 12:00   1.003   0.009 0 0
8721604 18/01/2000 13:00   0.731   0.008 0 0
8721604 18/01/2000 14:00   0.446   0.011 0 0
8721604 18/01/2000 15:00   0.106   0.006 0 0
8721604 18/01/2000 16:00  -0.022   0.004 0 0
8721604 18/01/2000 17:00   0.141   0.015 0 0
8721604 18/01/2000 18:00   0.277   0.009 0 0
8721604 18/01/2000 19:00   0.514   0.011 0 0
8721604 18/01/2000 20:00   0.724   0.008 0 0
8721604 18/01/2000 21:00   0.988   0.012 0 0
8721604 18/01/2000 22:00   1.082   0.011 0 0
8721604 18/01/2000 23:00   0.995   0.015 0 0
8721604 19/01/2000 00:00   0.781   0.009 0 0
8721604 19/01/2000 01:00   0.439   0.013 0 0
8721604 19/01/2000 02:00   0.121   0.012 0 0
8721604 19/01/2000 03:00  -0.107   0.013 0 0
8721604 19/01/2000 04:00  -0.265   0.005 0 0
8721604 19/01/2000 05:00  -0.126   0.011 0 0
8721604 19/01/2000 06:00   0.079   0.008 0 0
8721604 19/01/2000 07:00   0.392   0.009 0 0
8721604 19/01/2000 08:00   0.761   0.008 0 0
8721604 19/01/2000 09:00   1.212   0.009 0 0
8721604 19/01/2000 10:00   1.461   0.009 0 0
8721604 19/01/2000 11:00   1.451   0.007 0 0
8721604 19/01/2000 12:00   1.376   0.007 0 0
8721604 19/01/2000 13:00   1.148   0.009 0 0
8721604 19/01/2000 14:00   0.795   0.007 0 0
8721604 19/01/2000 15:00   0.490   0.006 0 0
8721604 19/01/2000 16:00   0.252   0.007 0 0
8721604 19/01/2000 17:00   0.094   0.010 0 0
8721604 19/01/2000 18:00   0.175   0.009 0 0
8721604 19/01/2000 19:00   0.301   0.009 0 0
8721604 19/01/2000 20:00   0.623   0.012 0 0
8721604 19/01/2000 21:00   0.894   0.013 0 0
8721604 19/01/2000 22:00   1.122   0.009 0 0
8721604 19/01/2000 23:00   1.247   0.008 0 0
8721604 20/01/2000 00:00   1.102   0.006 0 0
8721604 20/01/2000 01:00   0.913   0.010 0 0
8721604 20/01/2000 02:00   0.713   0.009 0 0
8721604 20/01/2000 03:00   0.340   0.007 0 0
8721604 20/01/2000 04:00  -0.082   0.008 0 0
8721604 20/01/2000 05:00  -0.105   0.006 0 0
8721604 20/01/2000 06:00  -0.011   0.005 0 0
8721604 20/01/2000 07:00   0.198   0.007 0 0
8721604 20/01/2000 08:00   0.586   0.014 0 0
8721604 20/01/2000 09:00   1.001   0.011 0 0
8721604 20/01/2000 10:00   1.298   0.010 0 0
8721604 20/01/2000 11:00   1.494   0.013 0 0
8721604 20/01/2000 12:00   1.554   0.012 0 0
8721604 20/01/2000 13:00   1.342   0.012 0 0
8721604 20/01/2000 14:00   1.017   0.012 0 0
8721604 20/01/2000 15:00   0.724   0.011 0 0
8721604 20/01/2000 16:00   0.352   0.014 0 0
8721604 20/01/2000 17:00  -0.004   0.010 0 0
8721604 20/01/2000 18:00  -0.049   0.010 0 0
8721604 20/01/2000 19:00   0.038   0.006 0 0
8721604 20/01/2000 20:00   0.244   0.014 0 0
8721604 20/01/2000 21:00   0.482   0.009 0 0
8721604 20/01/2000 22:00   0.826   0.009 0 0
8721604 20/01/2000 23:00   1.147   0.019 0 0
8721604 21/01/2000 00:00   1.248   0.012 0 0
8721604 21/01/2000 01:00   1.075   0.009 0 0
8721604 21/01/2000 02:00   0.846   0.010 0 0
8721604 21/01/2000 03:00   0.602   0.012 0 0
8721604 21/01/2000 04:00   0.233   0.008 0 0
8721604 21/01/2000 05:00  -0.091   0.008 0 0
8721604 21/01/2000 06:00  -0.199   0.006 0 0
8721604 21/01/2000 07:00  -0.057   0.009 0 0
8721604 21/01/2000 08:00   0.300   0.010 0 0
8721604 21/01/2000 09:00   0.610   0.007 0 0
8721604 21/01/2000 10:00   1.040   0.008 0 0
8721604 21/01/2000 11:00   1.353   0.025 0 0
8721604 21/01/2000 12:00   1.570   0.009 0 0
8721604 21/01/2000 13:00   1.585   0.013 0 1
8721604 21/01/2000 14:00   1.359   0.008 0 0
8721604 21/01/2000 15:00   1.130   0.014 0 0
8721604 21/01/2000 16:00   0.763   0.010 0 0
8721604 21/01/2000 17:00   0.290   0.008 0 0
8721604 21/01/2000 18:00   0.074   0.006 0 0
8721604 21/01/2000 19:00   0.043   0.005 0 0
8721604 21/01/2000 20:00   0.126   0.007 0 0
8721604 21/01/2000 21:00   0.408   0.008 0 0
8721604 21/01/2000 22:00   0.703   0.005 0 0
8721604 21/01/2000 23:00   0.949   0.011 0 0
8721604 22/01/2000 00:00   1.215   0.009 0 0
8721604 22/01/2000 01:00   1.342   0.013 0 0
8721604 22/01/2000 02:00   1.184   0.012 0 0
8721604 22/01/2000 03:00   0.991   0.012 0 0
8721604 22/01/2000 04:00   0.624   0.006 0 0
8721604 22/01/2000 05:00   0.270   0.013 0 0
8721604 22/01/2000 06:00  -0.010   0.009 0 0
8721604 22/01/2000 07:00  -0.092   0.007 0 0
8721604 22/01/2000 08:00   0.035   0.005 0 0
8721604 22/01/2000 09:00   0.309   0.006 0 0
8721604 22/01/2000 10:00   0.690   0.013 0 0
8721604 22/01/2000 11:00   1.036   0.009 0 0
8721604 22/01/2000 12:00   1.450   0.008 0 0
8721604 22/01/2000 13:00   1.662   0.013 0 1
8721604 22/01/2000 14:00   1.536   0.013 0 0
8721604 22/01/2000 15:00   1.308   0.008 0 0
8721604 22/01/2000 16:00   1.001   0.009 0 0
8721604 22/01/2000 17:00   0.632   0.010 0 0
8721604 22/01/2000 18:00   0.202   0.009 0 0
8721604 22/01/2000 19:00  -0.010   0.007 0 0
8721604 22/01/2000 20:00  -0.071   0.005 0 0
8721604 22/01/2000 21:00   0.104   0.007 0 0
8721604 22/01/2000 22:00   0.387   0.012 0 0
8721604 22/01/2000 23:00   0.634   0.011 0 0
8721604 23/01/2000 00:00   0.880   0.009 0 0
8721604 23/01/2000 01:00   1.189   0.009 0 0
8721604 23/01/2000 02:00   1.247   0.015 0 0
8721604 23/01/2000 03:00   1.059   0.014 0 0
8721604 23/01/2000 04:00   0.821   0.009 0 0
8721604 23/01/2000 05:00   0.539   0.014 0 0
8721604 23/01/2000 06:00   0.130   0.012 0 0
8721604 23/01/2000 07:00  -0.129   0.011 0 0
8721604 23/01/2000 08:00  -0.180   0.010 0 0
8721604 23/01/2000 09:00  -0.008   0.010 0 0
8721604 23/01/2000 10:00   0.220   0.010 0 0
8721604 23/01/2000 11:00   0.558   0.011 0 0
8721604 23/01/2000 12:00   0.967   0.014 0 0
8721604 23/01/2000 13:00   1.297   0.013 0 0
8721604 23/01/2000 14:00   1.468   0.014 0 0
8721604 23/01/2000 15:00   1.368   0.012 0 0
8721604 23/01/2000 16:00   1.183   0.010 0 0
8721604 23/01/2000 17:00   0.878   0.011 0 0
8721604 23/01/2000 18:00   0.498   0.018 0 0
8721604 23/01/2000 19:00   0.123   0.011 0 0
8721604 23/01/2000 20:00  -0.039   0.008 0 0
8721604 23/01/2000 21:00   0.010   0.009 0 0
8721604 23/01/2000 22:00   0.147   0.013 0 0
8721604 23/01/2000 23:00   0.330   0.021 0 0
8721604 24/01/2000 00:00   0.644   0.020 0 0
8721604 24/01/2000 01:00   0.926   0.015 0 0
8721604 24/01/2000 02:00   1.136   0.012 0 0
8721604 24/01/2000 03:00   1.188   0.012 0 0
8721604 24/01/2000 04:00   1.022   0.017 0 0
8721604 24/01/2000 05:00   0.852   0.015 0 0
8721604 24/01/2000 06:00   0.504   0.011 0 0
8721604 24/01/2000 07:00   0.214   0.008 0 0
8721604 24/01/2000 08:00   0.070   0.009 0 0
8721604 24/01/2000 09:00  -0.033   0.007 0 0
8721604 24/01/2000 10:00   0.100   0.010 0 0
8721604 24/01/2000 11:00   0.460   0.015 0 0
8721604 24/01/2000 12:00   0.780   0.013 0 0
8721604 24/01/2000 13:00   1.057   0.008 0 0
8721604 24/01/2000 14:00   1.427   0.014 0 0
8721604 24/01/2000 15:00   1.449   0.018 0 0
8721604 24/01/2000 16:00   1.368   0.010 0 0
8721604 24/01/2000 17:00   1.241   0.013 0 0
8721604 24/01/2000 18:00   0.903   0.009 0 0
8721604 24/01/2000 19:00   0.503   0.009 0 0
8721604 24/01/2000 20:00   0.258   0.032 0 0
8721604 24/01/2000 21:00   0.028   0.013 0 0
8721604 24/01/2000 22:00   0.029   0.010 0 0
8721604 24/01/2000 23:00   0.220   0.018 0 0
8721604 25/01/2000 00:00   0.322   0.018 0 0
8721604 25/01/2000 01:00   0.705   0.030 0 0
8721604 25/01/2000 02:00   1.013   0.012 0 0
8721604 25/01/2000 03:00   1.107   0.010 0 0
8721604 25/01/2000 04:00   1.167   0.012 0 0
8721604 25/01/2000 05:00   1.026   0.010 0 0
8721604 25/01/2000 06:00   0.789   0.010 0 0
8721604 25/01/2000 07:00   0.564   0.009 0 0
8721604 25/01/2000 08:00   0.280   0.010 0 0
8721604 25/01/2000 09:00   0.165   0.007 0 0
8721604 25/01/2000 10:00   0.145   0.007 0 0
8721604 25/01/2000 11:00   0.301   0.006 0 0
8721604 25/01/2000 12:00   0.531   0.007 0 0
8721604 25/01/2000 13:00   0.828   0.012 0 0
8721604 25/01/2000 14:00   1.064   0.015 0 0
8721604 25/01/2000 15:00   1.316   0.005 0 0
8721604 25/01/2000 16:00   1.391   0.007 0 0
8721604 25/01/2000 17:00   1.314   0.010 0 0
8721604 25/01/2000 18:00   1.077   0.008 0 0
8721604 25/01/2000 19:00   0.775   0.008 0 0
8721604 25/01/2000 20:00   0.553   0.009 0 0
8721604 25/01/2000 21:00   0.302   0.007 0 0
8721604 25/01/2000 22:00   0.150   0.008 0 0
8721604 25/01/2000 23:00   0.164   0.011 0 0
8721604 26/01/2000 00:00   0.420   0.005 0 0
8721604 26/01/2000 01:00   0.544   0.009 0 0
8721604 26/01/2000 02:00   0.799   0.007 0 0
8721604 26/01/2000 03:00   1.039   0.007 0 0
8721604 26/01/2000 04:00   1.234   0.010 0 0
8721604 26/01/2000 05:00   1.194   0.007 0 0
8721604 26/01/2000 06:00   1.056   0.010 0 0
8721604 26/01/2000 07:00   0.862   0.007 0 0
8721604 26/01/2000 08:00   0.570   0.006 0 0
8721604 26/01/2000 09:00   0.322   0.011 0 0
8721604 26/01/2000 10:00   0.194   0.005 0 0
8721604 26/01/2000 11:00   0.196   0.008 0 0
8721604 26/01/2000 12:00   0.316   0.007 0 0
8721604 26/01/2000 13:00   0.547   0.006 0 0
8721604 26/01/2000 14:00   0.792   0.009 0 0
8721604 26/01/2000 15:00   1.012   0.006 0 0
8721604 26/01/2000 16:00   1.256   0.006 0 0
8721604 26/01/2000 17:00   1.242   0.010 0 0
8721604 26/01/2000 18:00   1.094   0.005 0 0
8721604 26/01/2000 19:00   0.902   0.014 0 0
8721604 26/01/2000 20:00   0.706   0.008 0 0
8721604 26/01/2000 21:00   0.437   0.009 0 0
8721604 26/01/2000 22:00   0.252   0.004 0 0
8721604 26/01/2000 23:00   0.161   0.005 0 0
8721604 27/01/2000 00:00   0.221   0.007 0 0
8721604 27/01/2000 01:00   0.358   0.008 0 0
8721604 27/01/2000 02:00   0.624   0.006 0 0
8721604 27/01/2000 03:00   0.848   0.006 0 0
8721604 27/01/2000 04:00   1.005   0.007 0 0
8721604 27/01/2000 05:00   1.124   0.006 0 0
8721604 27/01/2000 06:00   1.115   0.005 0 0
8721604 27/01/2000 07:00   0.962   0.010 0 0
8721604 27/01/2000 08:00   0.807   0.006 0 0
8721604 27/01/2000 09:00   0.581   0.006 0 0
8721604 27/01/2000 10:00   0.321   0.005 0 0
8721604 27/01/2000 11:00   0.200   0.011 0 0
8721604 27/01/2000 12:00   0.198   0.009 0 0
8721604 27/01/2000 13:00   0.314   0.006 0 0
8721604 27/01/2000 14:00   0.470   0.005 0 0
8721604 27/01/2000 15:00   0.734   0.008 0 0
8721604 27/01/2000 16:00   0.978   0.007 0 0
8721604 27/01/2000 17:00   1.023   0.007 0 0
8721604 27/01/2000 18:00   1.017   0.006 0 0
8721604 27/01/2000 19:00   0.908   0.008 0 0
8721604 27/01/2000 20:00   0.761   0.005 0 0
8721604 27/01/2000 21:00   0.531   0.010 0 0
8721604 27/01/2000 22:00   0.331   0.009 0 0
8721604 27/01/2000 23:00   0.125   0.028 0 0
8721604 28/01/2000 00:00   0.107   0.014 0 0
8721604 28/01/2000 01:00   0.134   0.008 0 0
8721604 28/01/2000 02:00   0.304   0.006 0 0
8721604 28/01/2000 03:00   0.528   0.004 0 0
8721604 28/01/2000 04:00   0.769   0.004 0 0
8721604 28/01/2000 05:00   1.016   0.008 0 0
8721604 28/01/2000 06:00   1.042   0.008 0 0
8721604 28/01/2000 07:00   1.004   0.005 0 0
8721604 28/01/2000 08:00   0.996   0.007 0 0
8721604 28/01/2000 09:00   0.742   0.008 0 0
8721604 28/01/2000 10:00   0.541   0.011 0 0
8721604 28/01/2000 11:00   0.335   0.008 0 0
8721604 28/01/2000 12:00   0.207   0.009 0 0
8721604 28/01/2000 13:00   0.197   0.009 0 0
8721604 28/01/2000 14:00   0.250   0.012 0 0
8721604 28/01/2000 15:00   0.443   0.007 0 0
8721604 28/01/2000 16:00   0.652   0.013 0 0
8721604 28/01/2000 17:00   0.888   0.016 0 0
8721604 28/01/2000 18:00   0.920   0.009 0 0
8721604 28/01/2000 19:00   0.919   0.013 0 0
8721604 28/01/2000 20:00   0.782   0.011 0 0
8721604 28/01/2000 21:00   0.773   0.014 0 0
8721604 28/01/2000 22:00   0.513   0.012 0 0
8721604 28/01/2000 23:00   0.347   0.019 0 0
8721604 29/01/2000 00:00   0.172   0.014 0 0
8721604 29/01/2000 01:00   0.085   0.012 0 0
8721604 29/01/2000 02:00   0.235   0.011 0 0
8721604 29/01/2000 03:00   0.353   0.011 0 0
8721604 29/01/2000 04:00   0.531   0.011 0 0
8721604 29/01/2000 05:00   0.830   0.016 0 0
8721604 29/01/2000 06:00   0.988   0.016 0 0
8721604 29/01/2000 07:00   1.036   0.015 0 0
8721604 29/01/2000 08:00   1.052   0.014 0 0
8721604 29/01/2000 09:00   0.922   0.017 0 0
8721604 29/01/2000 10:00   0.761   0.015 0 0
8721604 29/01/2000 11:00   0.572   0.013 0 0
8721604 29/01/2000 12:00   0.339   0.011 0 0
8721604 29/01/2000 13:00   0.299   0.014 0 0
8721604 29/01/2000 14:00   0.327   0.016 0 0
8721604 29/01/2000 15:00   0.337   0.013 0 0
8721604 29/01/2000 16:00   0.493   0.020 0 0
8721604 29/01/2000 17:00   0.646   0.014 0 0
8721604 29/01/2000 18:00   0.830   0.015 0 0
8721604 29/01/2000 19:00   0.871   0.021 0 0
8721604 29/01/2000 20:00   0.827   0.019 0 0
8721604 29/01/2000 21:00   0.831   0.018 0 0
8721604 29/01/2000 22:00   0.671   0.019 0 0
8721604 29/01/2000 23:00   0.436   0.014 0 0
8721604 30/01/2000 00:00   0.239   0.014 0 0
8721604 30/01/2000 01:00   0.156   0.012 0 0
8721604 30/01/2000 02:00   0.149   0.012 0 0
8721604 30/01/2000 03:00   0.239   0.014 0 0
8721604 30/01/2000 04:00   0.363   0.014 0 0
8721604 30/01/2000 05:00   0.593   0.015 0 0
8721604 30/01/2000 06:00   0.824   0.017 0 0
8721604 30/01/2000 07:00   0.956   0.021 0 0
8721604 30/01/2000 08:00   0.989   0 0
8721604 30/01/2000 09:00   1.056   0.017 0 0
8721604 30/01/2000 10:00   0.938   0.015 0 0
8721604 30/01/2000 11:00   0.709   0.015 0 0
8721604 30/01/2000 12:00   0.524   0.014 0 0
8721604 30/01/2000 13:00   0.364   0.010 0 0
8721604 30/01/2000 14:00   0.267   0.009 0 0
8721604 30/01/2000 15:00   0.278   0.010 0 0
8721604 30/01/2000 16:00   0.398   0.010 0 0
8721604 30/01/2000 17:00   0.489   0.013 0 0
8721604 30/01/2000 18:00   0.659   0.011 0 0
8721604 30/01/2000 19:00   0.775   0 0
8721604 30/01/2000 20:00   0.786   0.011 0 0
8721604 30/01/2000 21:00   0.860   0.012 0 0
8721604 30/01/2000 22:00   0.795   0.011 0 0
8721604 30/01/2000 23:00   0.538   0.022 0 0
8721604 31/01/2000 00:00   0.364   0 0
8721604 31/01/2000 01:00   0.191   0.011 0 0
8721604 31/01/2000 02:00   0.028   0.009 0 0
8721604 31/01/2000 03:00   0.123   0.011 0 0
8721604 31/01/2000 04:00   0.174   0.011 0 0
8721604 31/01/2000 05:00   0.245   0.011 0 0
8721604 31/01/2000 06:00   0.573   0.015 0 0
8721604 31/01/2000 07:00   0.901   0.013 0 0
8721604 31/01/2000 08:00   0.910   0.014 0 0
8721604 31/01/2000 09:00   1.022   0.014 0 0
8721604 31/01/2000 10:00   0.993   0.010 0 0
8721604 31/01/2000 11:00   0.884   0.013 0 0
8721604 31/01/2000 12:00   0.690   0.008 0 0
8721604 31/01/2000 13:00   0.424   0.007 0 0
8721604 31/01/2000 14:00   0.326   0.013 0 0
8721604 31/01/2000 15:00   0.177   0.006 0 0
8721604 31/01/2000 16:00   0.093   0.007 0 0
8721604 31/01/2000 17:00   0.337   0.010 0 0
8721604 31/01/2000 18:00   0.462   0.007 0 0
8721604 31/01/2000 19:00   0.635   0.013 0 0
8721604 31/01/2000 20:00   0.683   0.013 0 0
8721604 31/01/2000 21:00   0.816   0.008 0 0
8721604 31/01/2000 22:00   0.864   0.018 0 0
8721604 31/01/2000 23:00   0.705   0.020 0 0
8721604 01/02/2000 00:00   0.600   0.026 0 0
8721604 01/02/2000 01:00   0.342   0.009 0 0
8721604 01/02/2000 02:00   0.233   0.009 0 0
8721604 01/02/2000 03:00   0.084   0.008 0 0
8721604 01/02/2000 04:00   0.111   0.007 0 0
8721604 01/02/2000 05:00   0.306   0.011 0 0
8721604 01/02/2000 06:00   0.384   0.014 0 0
8721604 01/02/2000 07:00   0.575   0.006 0 0
8721604 01/02/2000 08:00   0.890   0.007 0 0
8721604 01/02/2000 09:00   1.022   0.008 0 0
8721604 01/02/2000 10:00   0.998   0.013 0 0
8721604 01/02/2000 11:00   1.031   0.005 0 0
8721604 01/02/2000 12:00   0.799   0.012 0 0
8721604 01/02/2000 13:00   0.612   0.005 0 0
8721604 01/02/2000 14:00   0.456   0.008 0 0
8721604 01/02/2000 15:00   0.215   0.006 0 0
8721604 01/02/2000 16:00   0.073   0.004 0 0
8721604 01/02/2000 17:00   0.172   0.010 0 0
8721604 01/02/2000 18:00   0.277   0.008 0 0
8721604 01/02/2000 19:00   0.335   0.005 0 0
8721604 01/02/2000 20:00   0.584   0.004 0 0
8721604 01/02/2000 21:00   0.699   0.006 0 0
8721604 01/02/2000 22:00   0.793   0.006 0 0
8721604 01/02/2000 23:00   0.785   0.008 0 0
8721604 02/02/2000 00:00   0.617   0.007 0 0
8721604 02/02/2000 01:00   0.416   0.012 0 0
8721604 02/02/2000 02:00   0.283   0.005 0 0
8721604 02/02/2000 03:00   0.064   0.007 0 0
8721604 02/02/2000 04:00  -0.065   0.007 0 0
8721604 02/02/2000 05:00   0.044   0.008 0 0
8721604 02/02/2000 06:00   0.180   0.004 0 0
8721604 02/02/2000 07:00   0.430   0.010 0 0
8721604 02/02/2000 08:00   0.628   0.007 0 0
8721604 02/02/2000 09:00   0.810   0.006 0 0
8721604 02/02/2000 10:00   0.966   0.007 0 0
8721604 02/02/2000 11:00   1.050   0.005 0 0
8721604 02/02/2000 12:00   0.937   0.007 0 0
8721604 02/02/2000 13:00   0.831   0.017 0 0
8721604 02/02/2000 14:00   0.620   0.013 0 0
8721604 02/02/2000 15:00   0.362   0.008 0 0
8721604 02/02/2000 16:00   0.131   0.003 0 0
8721604 02/02/2000 17:00   0.185   0.010 0 0
8721604 02/02/2000 18:00   0.159   0.017 0 0
8721604 02/02/2000 19:00   0.213   0.006 0 0
8721604 02/02/2000 20:00   0.467   0.010 0 0
8721604 02/02/2000 21:00   0.638   0.010 0 0
8721604 02/02/2000 22:00   0.804   0.009 0 0
8721604 02/02/2000 23:00   0.794   0.005 0 0
8721604 03/02/2000 00:00   0.692   0.005 0 0
8721604 03/02/2000 01:00   0.578   0.007 0 0
8721604 03/02/2000 02:00   0.416   0.004 0 0
8721604 03/02/2000 03:00   0.194   0.006 0 0
8721604 03/02/2000 04:00  -0.004   0.003 0 0
8721604 03/02/2000 05:00  -0.033   0.007 0 0
8721604 03/02/2000 06:00   0.054   0.007 0 0
8721604 03/02/2000 07:00   0.246   0.007 0 0
8721604 03/02/2000 08:00   0.466   0.007 0 0
8721604 03/02/2000 09:00   0.759   0.007 0 0
8721604 03/02/2000 10:00   1.007   0.012 0 0
8721604 03/02/2000 11:00   1.133   0.009 0 0
8721604 03/02/2000 12:00   1.081   0.023 0 0
8721604 03/02/2000 13:00   1.004   0.009 0 0
8721604 03/02/2000 14:00   0.726   0.007 0 0
8721604 03/02/2000 15:00   0.520   0.011 0 0
8721604 03/02/2000 16:00   0.238   0.007 0 0
8721604 03/02/2000 17:00   0.178   0.008 0 0
8721604 03/02/2000 18:00   0.085   0.011 0 0
8721604 03/02/2000 19:00   0.188   0.004 0 0
8721604 03/02/2000 20:00   0.360   0.010 0 0
8721604 03/02/2000 21:00   0.512   0.013 0 0
8721604 03/02/2000 22:00   0.735   0.009 0 0
8721604 03/02/2000 23:00   0.793   0.028 0 0
8721604 04/02/2000 00:00   0.873   0.016 0 0
8721604 04/02/2000 01:00   0.789   0.010 0 0
8721604 04/02/2000 02:00   0.590   0.007 0 0
8721604 04/02/2000 03:00   0.312   0.007 0 0
8721604 04/02/2000 04:00   0.088   0.006 0 0
8721604 04/02/2000 05:00   0.005   0.008 0 0
8721604 04/02/2000 06:00  -0.029   0.006 0 0
8721604 04/02/2000 07:00   0.080   0.009 0 0
8721604 04/02/2000 08:00   0.403   0.006 0 0
8721604 04/02/2000 09:00   0.615   0.006 0 0
8721604 04/02/2000 10:00   0.817   0.010 0 0
8721604 04/02/2000 11:00   1.016   0.013 0 0
8721604 04/02/2000 12:00   1.126   0.009 0 0
8721604 04/02/2000 13:00   1.047   0 0
8721604 04/02/2000 14:00   0.896   0.008 0 0
8721604 04/02/2000 15:00   0.641   0.010 0 0
8721604 04/02/2000 16:00   0.438   0.006 0 0
8721604 04/02/2000 17:00   0.206   0.014 0 0
8721604 04/02/2000 18:00   0.077   0.006 0 0
8721604 04/02/2000 19:00   0.046   0.007 0 0
8721604 04/02/2000 20:00   0.231   0.007 0 0
8721604 04/02/2000 21:00   0.476   0.004 0 0
8721604 04/02/2000 22:00   0.694   0.008 0 0
8721604 04/02/2000 23:00   0.762   0.009 0 0
8721604 05/02/2000 00:00   0.928   0.010 0 0
8721604 05/02/2000 01:00   0.881   0.012 0 0
8721604 05/02/2000 02:00   0.642   0.008 0 0
8721604 05/02/2000 03:00   0.418   0.008 0 0
8721604 05/02/2000 04:00   0.204   0.005 0 0
8721604 05/02/2000 05:00   0.052   0.004 0 0
8721604 05/02/2000 06:00  -0.121   0.007 0 0
8721604 05/02/2000 07:00  -0.023   0.004 0 0
8721604 05/02/2000 08:00   0.225   0.008 0 0
8721604 05/02/2000 09:00   0.412   0.006 0 0
8721604 05/02/2000 10:00   0.631   0.004 0 0
8721604 05/02/2000 11:00   1.004   0.010 0 0
8721604 05/02/2000 12:00   1.128   0.008 0 0
8721604 05/02/2000 13:00   1.148   0.011 0 0
8721604 05/02/2000 14:00   1.063   0.007 0 0
8721604 05/02/2000 15:00   0.878   0.009 0 0
8721604 05/02/2000 16:00   0.534   0.004 0 0
8721604 05/02/2000 17:00   0.331   0.012 0 0
8721604 05/02/2000 18:00   0.100   0.008 0 0
8721604 05/02/2000 19:00   0.009   0.004 0 0
8721604 05/02/2000 20:00   0.110   0.005 0 0
8721604 05/02/2000 21:00   0.360   0.014 0 0
8721604 05/02/2000 22:00   0.577   0.009 0 0
8721604 05/02/2000 23:00   0.726   0.010 0 0
8721604 06/02/2000 00:00   0.919   0.008 0 0
8721604 06/02/2000 01:00   0.924   0.013 0 0
8721604 06/02/2000 02:00   0.852   0.007 0 0
8721604 06/02/2000 03:00   0.688   0.008 0 0
8721604 06/02/2000 04:00   0.421   0.007 0 0
8721604 06/02/2000 05:00   0.196   0.009 0 0
8721604 06/02/2000 06:00  -0.041   0.006 0 0
8721604 06/02/2000 07:00  -0.107   0.004 0 0
8721604 06/02/2000 08:00   0.067   0.003 0 0
8721604 06/02/2000 09:00   0.243   0.006 0 0
8721604 06/02/2000 10:00   0.468   0.010 0 0
8721604 06/02/2000 11:00   0.808   0.014 0 0
8721604 06/02/2000 12:00   1.069   0.010 0 0
8721604 06/02/2000 13:00   1.165   0.006 0 0
8721604 06/02/2000 14:00   1.114   0.007 0 0
8721604 06/02/2000 15:00   0.948   0.011 0 0
8721604 06/02/2000 16:00   0.632   0.011 0 0
8721604 06/02/2000 17:00   0.422   0.009 0 0
8721604 06/02/2000 18:00   0.181   0.007 0 0
8721604 06/02/2000 19:00  -0.013   0.009 0 0
8721604 06/02/2000 20:00  -0.041   0.005 0 0
8721604 06/02/2000 21:00   0.159   0.010 0 0
8721604 06/02/2000 22:00   0.373   0.007 0 0
8721604 06/02/2000 23:00   0.508   0.021 0 0
8721604 07/02/2000 00:00   0.724   0.007 0 0
8721604 07/02/2000 01:00   0.957   0.015 0 0
8721604 07/02/2000 02:00   0.883   0.007 0 0
8721604 07/02/2000 03:00   0.713   0.004 0 0
8721604 07/02/2000 04:00   0.528   0.004 0 0
8721604 07/02/2000 05:00   0.281   0.006 0 0
8721604 07/02/2000 06:00   0.044   0.006 0 0
8721604 07/02/2000 07:00  -0.158   0.009 0 0
8721604 07/02/2000 08:00  -0.120   0.008 0 0
8721604 07/02/2000 09:00   0.046   0.006 0 0
8721604 07/02/2000 10:00   0.323   0.014 0 0
8721604 07/02/2000 11:00   0.591   0.009 0 0
8721604 07/02/2000 12:00   0.797   0.010 0 0
8721604 07/02/2000 13:00   1.084   0.006 0 0
8721604 07/02/2000 14:00   1.133   0.009 0 0
8721604 07/02/2000 15:00   0.977   0.009 0 0
8721604 07/02/2000 16:00   0.783   0.009 0 0
8721604 07/02/2000 17:00   0.527   0.010 0 0
8721604 07/02/2000 18:00   0.246   0.006 0 0
8721604 07/02/2000 19:00  -0.004   0.005 0 0
8721604 07/02/2000 20:00  -0.077   0.006 0 0
8721604 07/02/2000 21:00   0.055   0.010 0 0
8721604 07/02/2000 22:00   0.237   0.013 0 0
8721604 07/02/2000 23:00   0.381   0.021 0 0
8721604 08/02/2000 00:00   0.625   0.013 0 0
8721604 08/02/2000 01:00   0.886   0.010 0 0
8721604 08/02/2000 02:00   0.991   0.007 0 0
8721604 08/02/2000 03:00   0.896   0.006 0 0
8721604 08/02/2000 04:00   0.775   0.004 0 0
8721604 08/02/2000 05:00   0.504   0.010 0 0
8721604 08/02/2000 06:00   0.280   0.004 0 0
8721604 08/02/2000 07:00   0.064   0.004 0 0
8721604 08/02/2000 08:00  -0.002   0.004 0 0
8721604 08/02/2000 09:00  -0.037   0.004 0 0
8721604 08/02/2000 10:00   0.190   0.005 0 0
8721604 08/02/2000 11:00   0.474   0.005 0 0
8721604 08/02/2000 12:00   0.711   0.005 0 0
8721604 08/02/2000 13:00   0.980   0.005 0 0
8721604 08/02/2000 14:00   1.135   0.007 0 0
8721604 08/02/2000 15:00   1.140   0.007 0 0
8721604 08/02/2000 16:00   0.995   0.015 0 0
8721604 08/02/2000 17:00   0.728   0.011 0 0
8721604 08/02/2000 18:00   0.431   0.007 0 0
8721604 08/02/2000 19:00   0.198   0.008 0 0
8721604 08/02/2000 20:00  -0.016   0.011 0 0
8721604 08/02/2000 21:00  -0.027   0.015 0 0
8721604 08/02/2000 22:00   0.111   0.012 0 0
8721604 08/02/2000 23:00   0.276   0.006 0 0
8721604 09/02/2000 00:00   0.607   0.014 0 0
8721604 09/02/2000 01:00   0.790   0.008 0 0
8721604 09/02/2000 02:00   1.033   0.006 0 0
8721604 09/02/2000 03:00   1.055   0.006 0 0
8721604 09/02/2000 04:00   0.894   0.006 0 0
8721604 09/02/2000 05:00   0.786   0.007 0 0
8721604 09/02/2000 06:00   0.573   0.013 0 0
8721604 09/02/2000 07:00   0.259   0.004 0 0
8721604 09/02/2000 08:00   0.040   0.009 0 0
8721604 09/02/2000 09:00   0.057   0.010 0 0
8721604 09/02/2000 10:00   0.150   0.006 0 0
8721604 09/02/2000 11:00   0.387   0.010 0 0
8721604 09/02/2000 12:00   0.515   0.011 0 0
8721604 09/02/2000 13:00   0.851   0.010 0 0
8721604 09/02/2000 14:00   1.137   0.007 0 0
8721604 09/02/2000 15:00   1.166   0.014 0 0
8721604 09/02/2000 16:00   1.115   0.007 0 0
8721604 09/02/2000 17:00   0.949   0.011 0 0
8721604 09/02/2000 18:00   0.687   0.017 0 0
8721604 09/02/2000 19:00   0.407   0.010 0 0
8721604 09/02/2000 20:00   0.195   0.004 0 0
8721604 09/02/2000 21:00   0.131   0.005 0 0
8721604 09/02/2000 22:00   0.154   0.012 0 0
8721604 09/02/2000 23:00   0.358   0.007 0 0
8721604 10/02/2000 00:00   0.499   0.007 0 0
8721604 10/02/2000 01:00   0.734   0.010 0 0
8721604 10/02/2000 02:00   1.032   0.010 0 0
8721604 10/02/2000 03:00   1.276   0.006 0 0
8721604 10/02/2000 04:00   1.222   0.010 0 0
8721604 10/02/2000 05:00   1.148   0.007 0 0
8721604 10/02/2000 06:00   0.945   0.009 0 0
8721604 10/02/2000 07:00   0.701   0.005 0 0
8721604 10/02/2000 08:00   0.463   0.008 0 0
8721604 10/02/2000 09:00   0.266   0.006 0 0
8721604 10/02/2000 10:00   0.281   0.011 0 0
8721604 10/02/2000 11:00   0.394   0.018 0 0
8721604 10/02/2000 12:00   0.541   0.008 0 0
8721604 10/02/2000 13:00   0.810   0.012 0 0
8721604 10/02/2000 14:00   1.060   0.010 0 0
8721604 10/02/2000 15:00   1.263   0.008 0 0
8721604 10/02/2000 16:00   1.337   0.010 0 0
8721604 10/02/2000 17:00   1.190   0.021 0 0
8721604 10/02/2000 18:00   1.027   0.008 0 0
8721604 10/02/2000 19:00   0.702   0.009 0 0
8721604 10/02/2000 20:00   0.491   0.007 0 0
8721604 10/02/2000 21:00   0.262   0.010 0 0
8721604 10/02/2000 22:00   0.262   0.009 0 0
8721604 10/02/2000 23:00   0.266   0.027 0 0
8721604 11/02/2000 00:00   0.373   0.013 0 0
8721604 11/02/2000 01:00   0.605   0.014 0 0
8721604 11/02/2000 02:00   0.858   0.009 0 0
8721604 11/02/2000 03:00   1.114   0.008 0 0
8721604 11/02/2000 04:00   1.172   0.009 0 0
8721604 11/02/2000 05:00   1.133   0.009 0 0
8721604 11/02/2000 06:00   1.019   0.013 0 0
8721604 11/02/2000 07:00   0.842   0.009 0 0
8721604 11/02/2000 08:00   0.541   0.007 0 0
8721604 11/02/2000 09:00   0.239   0.008 0 0
8721604 11/02/2000 10:00   0.173   0.009 0 0
8721604 11/02/2000 11:00   0.211   0.010 0 0
8721604 11/02/2000 12:00   0.230   0.008 0 0
8721604 11/02/2000 13:00   0.459   0.009 0 0
8721604 11/02/2000 14:00   0.706   0.009 0 0
8721604 11/02/2000 15:00   0.838   0.007 0 0
8721604 11/02/2000 16:00   1.025   0.009 0 0
8721604 11/02/2000 17:00   1.046   0.016 0 0
8721604 11/02/2000 18:00   0.937   0.017 0 0
8721604 11/02/2000 19:00   0.702   0.007 0 0
8721604 11/02/2000 20:00   0.481   0.010 0 0
8721604 11/02/2000 21:00   0.156   0.009 0 0
8721604 11/02/2000 22:00   0.058   0.009 0 0
8721604 11/02/2000 23:00   0.035   0.022 0 0
8721604 12/02/2000 00:00   0.063   0.012 0 0
8721604 12/02/2000 01:00   0.136   0.013 0 0
8721604 12/02/2000 02:00   0.461   0.008 0 0
8721604 12/02/2000 03:00   0.738   0.008 0 0
8721604 12/02/2000 04:00   0.915   0.012 0 0
8721604 12/02/2000 05:00   0.988   0.013 0 0
8721604 12/02/2000 06:00   0.996   0.009 0 0
8721604 12/02/2000 07:00   0.854   0.007 0 0
8721604 12/02/2000 08:00   0.643   0.006 0 0
8721604 12/02/2000 09:00   0.429   0.007 0 0
8721604 12/02/2000 10:00   0.194   0.008 0 0
8721604 12/02/2000 11:00   0.112   0.007 0 0
8721604 12/02/2000 12:00   0.089   0.011 0 0
8721604 12/02/2000 13:00   0.153   0.014 0 0
8721604 12/02/2000 14:00   0.327   0.007 0 0
8721604 12/02/2000 15:00   0.554   0.007 0 0
8721604 12/02/2000 16:00   0.742   0.012 0 0
8721604 12/02/2000 17:00   0.850   0.009 0 0
8721604 12/02/2000 18:00   0.865   0.008 0 0
8721604 12/02/2000 19:00   0.763   0.016 0 0
8721604 12/02/2000 20:00   0.530   0.015 0 0
8721604 12/02/2000 21:00   0.341   0.016 0 0
8721604 12/02/2000 22:00   0.094   0.007 0 0
8721604 12/02/2000 23:00  -0.100   0.006 0 0
8721604 13/02/2000 00:00  -0.042   0.012 0 0
8721604 13/02/2000 01:00  -0.063   0.015 0 0
8721604 13/02/2000 02:00   0.160   0.008 0 0
8721604 13/02/2000 03:00   0.514   0.013 0 0
8721604 13/02/2000 04:00   0.700   0.016 0 0
8721604 13/02/2000 05:00   0.924   0.011 0 0
8721604 13/02/2000 06:00   1.047   0.010 0 0
8721604 13/02/2000 07:00   1.037   0.011 0 0
8721604 13/02/2000 08:00   0.837   0.011 0 0
8721604 13/02/2000 09:00   0.650   0.010 0 0
8721604 13/02/2000 10:00   0.432   0.007 0 0
8721604 13/02/2000 11:00   0.240   0.026 0 0
8721604 13/02/2000 12:00   0.152   0.018 0 0
8721604 13/02/2000 13:00   0.116   0.015 0 0
8721604 13/02/2000 14:00   0.194   0.006 0 0
8721604 13/02/2000 15:00   0.338   0.011 0 0
8721604 13/02/2000 16:00   0.592   0.005 0 0
8721604 13/02/2000 17:00   0.733   0.009 0 0
8721604 13/02/2000 18:00   0.843   0.009 0 0
8721604 13/02/2000 19:00   0.821   0.010 0 0
8721604 13/02/2000 20:00   0.773   0.008 0 0
8721604 13/02/2000 21:00   0.604   0.008 0 0
8721604 13/02/2000 22:00   0.398   0.007 0 0
8721604 13/02/2000 23:00   0.115   0.021 0 0
8721604 14/02/2000 00:00   0.015   0.025 0 0
8721604 14/02/2000 01:00   0.034   0.015 0 0
8721604 14/02/2000 02:00   0.062   0.017 0 0
8721604 14/02/2000 03:00   0.280   0.009 0 0
8721604 14/02/2000 04:00   0.557   0.012 0 0
8721604 14/02/2000 05:00   0.755   0.012 0 0
8721604 14/02/2000 06:00   1.023   0.015 0 0
8721604 14/02/2000 07:00   1.126   0.012 0 0
8721604 14/02/2000 08:00   1.116   0.012 0 0
8721604 14/02/2000 09:00   0.974   0.013 0 0
8721604 14/02/2000 10:00   0.707   0.012 0 0
8721604 14/02/2000 11:00   0.520   0.008 0 0
8721604 14/02/2000 12:00   0.265   0.010 0 0
8721604 14/02/2000 13:00   0.080   0.008 0 0
8721604 14/02/2000 14:00   0.047   0.011 0 0
8721604 14/02/2000 15:00   0.152   0.009 0 0
8721604 14/02/2000 16:00   0.261   0.012 0 0
8721604 14/02/2000 17:00   0.539   0.018 0 0
8721604 14/02/2000 18:00   0.692   0.013 0 0
8721604 14/02/2000 19:00   0.822   0.016 0 0
8721604 14/02/2000 20:00   0.745   0.022 0 0
8721604 14/02/2000 21:00   0.693   0.015 0 0
8721604 14/02/2000 22:00   0.605   0.021 0 0
8721604 14/02/2000 23:00   0.240   0.020 0 0
8721604 15/02/2000 00:00   0.047   0.018 0 0
8721604 15/02/2000 01:00  -0.191   0.022 0 0
8721604 15/02/2000 02:00  -0.159   0.014 0 0
8721604 15/02/2000 03:00  -0.030   0.012 0 0
8721604 15/02/2000 04:00   0.092   0.012 0 0
8721604 15/02/2000 05:00   0.408   0.013 0 0
8721604 15/02/2000 06:00   0.675   0.021 0 0
8721604 15/02/2000 07:00   0.996   0.012 0 0
8721604 15/02/2000 08:00   1.009   0.010 0 0
8721604 15/02/2000 09:00   1.070   0.013 0 0
8721604 15/02/2000 10:00   0.904   0.011 0 0
8721604 15/02/2000 11:00   0.753   0.008 0 0
8721604 15/02/2000 12:00   0.459   0.005 0 0
8721604 15/02/2000 13:00   0.239   0.007 0 0
8721604 15/02/2000 14:00   0.081   0.005 0 0
8721604 15/02/2000 15:00   0.120   0.010 0 0
8721604 15/02/2000 16:00   0.148   0.007 0 0
8721604 15/02/2000 17:00   0.327   0.009 0 0
8721604 15/02/2000 18:00   0.530   0.014 0 0
8721604 15/02/2000 19:00   0.676   0.008 0 0
8721604 15/02/2000 20:00   0.846   0.006 0 0
8721604 15/02/2000 21:00   0.839   0.008 0 0
8721604 15/02/2000 22:00   0.829   0.012 0 0
8721604 15/02/2000 23:00   0.634   0.014 0 0
8721604 16/02/2000 00:00   0.341   0.013 0 0
8721604 16/02/2000 01:00   0.021   0.012 0 0
8721604 16/02/2000 02:00  -0.131   0.011 0 0
8721604 16/02/2000 03:00  -0.178   0.006 0 0
8721604 16/02/2000 04:00  -0.101   0.005 0 0
8721604 16/02/2000 05:00   0.187   0.010 0 0
8721604 16/02/2000 06:00   0.467   0.007 0 0
8721604 16/02/2000 07:00   0.795   0.011 0 0
8721604 16/02/2000 08:00   1.021   0.006 0 0
8721604 16/02/2000 09:00   1.195   0.006 0 0
8721604 16/02/2000 10:00   1.184   0.005 0 0
8721604 16/02/2000 11:00   1.036   0.007 0 0
8721604 16/02/2000 12:00   0.859   0.010 0 0
8721604 16/02/2000 13:00   0.551   0.008 0 0
8721604 16/02/2000 14:00   0.242   0.007 0 0
8721604 16/02/2000 15:00   0.022   0.004 0 0
8721604 16/02/2000 16:00  -0.006   0.006 0 0
8721604 16/02/2000 17:00   0.033   0.011 0 0
8721604 16/02/2000 18:00   0.224   0.009 0 0
8721604 16/02/2000 19:00   0.506   0.009 0 0
8721604 16/02/2000 20:00   0.701   0.009 0 0
8721604 16/02/2000 21:00   0.818   0.008 0 0
8721604 16/02/2000 22:00   0.912   0.007 0 0
8721604 16/02/2000 23:00   0.826   0.006 0 0
8721604 17/02/2000 00:00   0.610   0.009 0 0
8721604 17/02/2000 01:00   0.332   0.017 0 0
8721604 17/02/2000 02:00   0.021   0.011 0 0
8721604 17/02/2000 03:00  -0.189   0.006 0 0
8721604 17/02/2000 04:00  -0.239   0.005 0 0
8721604 17/02/2000 05:00  -0.095   0.007 0 0
8721604 17/02/2000 06:00   0.134   0.005 0 0
8721604 17/02/2000 07:00   0.453   0.004 0 0
8721604 17/02/2000 08:00   0.781   0.007 0 0
8721604 17/02/2000 09:00   1.046   0.006 0 0
8721604 17/02/2000 10:00   1.239   0.017 0 0
8721604 17/02/2000 11:00   1.220   0.010 0 0
8721604 17/02/2000 12:00   1.108   0.019 0 0
8721604 17/02/2000 13:00   0.859   0.011 0 0
8721604 17/02/2000 14:00   0.473   0.007 0 0
8721604 17/02/2000 15:00   0.181   0.008 0 0
8721604 17/02/2000 16:00  -0.040   0.009 0 0
8721604 17/02/2000 17:00  -0.109   0.014 0 0
8721604 17/02/2000 18:00  -0.001   0.008 0 0
8721604 17/02/2000 19:00   0.242   0.007 0 0
8721604 17/02/2000 20:00   0.452   0.005 0 0
8721604 17/02/2000 21:00   0.716   0.009 0 0
8721604 17/02/2000 22:00   0.977   0.013 0 0
8721604 17/02/2000 23:00   0.982   0.030 0 0
8721604 18/02/2000 00:00   0.842   0.014 0 0
8721604 18/02/2000 01:00   0.650   0.012 0 0
8721604 18/02/2000 02:00   0.353   0.007 0 0
8721604 18/02/2000 03:00   0.010   0.009 0 0
8721604 18/02/2000 04:00  -0.206   0.006 0 0
8721604 18/02/2000 05:00  -0.264   0.012 0 0
8721604 18/02/2000 06:00  -0.132   0.008 0 0
8721604 18/02/2000 07:00   0.112   0.007 0 0
8721604 18/02/2000 08:00   0.495   0.009 0 0
8721604 18/02/2000 09:00   0.893   0.013 0 0
8721604 18/02/2000 10:00   1.118   0.011 0 0
8721604 18/02/2000 11:00   1.305   0.012 0 0
8721604 18/02/2000 12:00   1.304   0.017 0 0
8721604 18/02/2000 13:00   1.159   0.010 0 0
8721604 18/02/2000 14:00   0.856   0.012 0 0
8721604 18/02/2000 15:00   0.484   0.011 0 0
8721604 18/02/2000 16:00   0.154   0.009 0 0
8721604 18/02/2000 17:00  -0.052   0.011 0 0
8721604 18/02/2000 18:00  -0.104   0.010 0 0
8721604 18/02/2000 19:00  -0.044   0.010 0 0
8721604 18/02/2000 20:00   0.266   0.012 0 0
8721604 18/02/2000 21:00   0.540   0.012 0 0
8721604 18/02/2000 22:00   0.774   0.012 0 0
8721604 18/02/2000 23:00   0.987   0.016 0 0
8721604 19/02/2000 00:00   1.084   0.015 0 0
8721604 19/02/2000 01:00   0.888   0.014 0 0
8721604 19/02/2000 02:00   0.724   0.013 0 0
8721604 19/02/2000 03:00   0.374   0.011 0 0
8721604 19/02/2000 04:00   0.012   0.008 0 0
8721604 19/02/2000 05:00  -0.219   0.009 0 0
8721604 19/02/2000 06:00  -0.254   0.011 0 0
8721604 19/02/2000 07:00  -0.110   0.011 0 0
8721604 19/02/2000 08:00   0.165   0.007 0 0
8721604 19/02/2000 09:00   0.522   0.015 0 0
8721604 19/02/2000 10:00   0.895   0.013 0 0
8721604 19/02/2000 11:00   1.196   0.008 0 0
8721604 19/02/2000 12:00   1.337   0.025 0 0
8721604 19/02/2000 13:00   1.268   0.017 0 0
8721604 19/02/2000 14:00   1.089   0.012 0 0
8721604 19/02/2000 15:00   0.733   0.008 0 0
8721604 19/02/2000 16:00   0.338   0.011 0 0
8721604 19/02/2000 17:00   0.052   0.014 0 0
8721604 19/02/2000 18:00  -0.148   0.006 0 0
8721604 19/02/2000 19:00  -0.197   0.013 0 0
8721604 19/02/2000 20:00   0.020   0.012 0 0
8721604 19/02/2000 21:00   0.317   0.014 0 0
8721604 19/02/2000 22:00   0.583   0.015 0 0
8721604 19/02/2000 23:00   0.828   0.009 0 0
8721604 20/02/2000 00:00   1.087   0.009 0 0
8721604 20/02/2000 01:00   1.046   0.008 0 0
8721604 20/02/2000 02:00   0.911   0.010 0 0
8721604 20/02/2000 03:00   0.639   0.011 0 0
8721604 20/02/2000 04:00   0.302   0.009 0 0
8721604 20/02/2000 05:00  -0.091   0.010 0 0
8721604 20/02/2000 06:00  -0.245   0.009 0 0
8721604 20/02/2000 07:00  -0.296   0.008 0 0
8721604 20/02/2000 08:00  -0.186   0.008 0 0
8721604 20/02/2000 09:00   0.143   0.008 0 0
8721604 20/02/2000 10:00   0.493   0.012 0 0
8721604 20/02/2000 11:00   0.831   0.014 0 0
8721604 20/02/2000 12:00   1.118   0.008 0 0
8721604 20/02/2000 13:00   1.259   0.009 0 0
8721604 20/02/2000 14:00   1.201   0.007 0 0
8721604 20/02/2000 15:00   0.950   0.018 0 0
8721604 20/02/2000 16:00   0.599   0.010 0 0
8721604 20/02/2000 17:00   0.277   0.011 0 0
8721604 20/02/2000 18:00  -0.114   0.018 0 0
8721604 20/02/2000 19:00  -0.251   0.012 0 0
8721604 20/02/2000 20:00  -0.174   0.005 0 0
8721604 20/02/2000 21:00   0.047   0.018 0 0
8721604 20/02/2000 22:00   0.360   0.009 0 0
8721604 20/02/2000 23:00   0.632   0.017 0 0
8721604 21/02/2000 00:00   0.949   0.009 0 0
8721604 21/02/2000 01:00   1.151   0.010 0 0
8721604 21/02/2000 02:00   1.094   0.013 0 0
8721604 21/02/2000 03:00   0.977   0.006 0 0
8721604 21/02/2000 04:00   0.697   0.007 0 0
8721604 21/02/2000 05:00   0.361   0.016 0 0
8721604 21/02/2000 06:00   0.060   0.007 0 0
8721604 21/02/2000 07:00  -0.168   0.011 0 0
8721604 21/02/2000 08:00  -0.156   0.006 0 0
8721604 21/02/2000 09:00   0.011   0.004 0 0
8721604 21/02/2000 10:00   0.339   0.008 0 0
8721604 21/02/2000 11:00   0.656   0.005 0 0
8721604 21/02/2000 12:00   0.993   0.007 0 0
8721604 21/02/2000 13:00   1.235   0.006 0 0
8721604 21/02/2000 14:00   1.322   0.006 0 0
8721604 21/02/2000 15:00   1.175   0.012 0 0
8721604 21/02/2000 16:00   0.956   0.009 0 0
8721604 21/02/2000 17:00   0.603   0.023 0 0
8721604 21/02/2000 18:00   0.269   0.010 0 0
8721604 21/02/2000 19:00   0.008   0.009 0 0
8721604 21/02/2000 20:00  -0.151   0.007 0 0
8721604 21/02/2000 21:00  -0.061   0.012 0 0
8721604 21/02/2000 22:00   0.228   0.005 0 0
8721604 21/02/2000 23:00   0.441   0.023 0 0
8721604 22/02/2000 00:00   0.715   0.009 0 0
8721604 22/02/2000 01:00   1.024   0.006 0 0
8721604 22/02/2000 02:00   1.173   0.006 0 0
8721604 22/02/2000 03:00   1.106   0.009 0 0
8721604 22/02/2000 04:00   0.930   0.010 0 0
8721604 22/02/2000 05:00   0.683   0.008 0 0
8721604 22/02/2000 06:00   0.384   0.006 0 0
8721604 22/02/2000 07:00   0.103   0.007 0 0
8721604 22/02/2000 08:00  -0.031   0.009 0 0
8721604 22/02/2000 09:00  -0.014   0.007 0 0
8721604 22/02/2000 10:00   0.180   0.008 0 0
8721604 22/02/2000 11:00   0.476   0.008 0 0
8721604 22/02/2000 12:00   0.746   0.012 0 0
8721604 22/02/2000 13:00   1.050   0.012 0 0
8721604 22/02/2000 14:00   1.224   0.013 0 0
8721604 22/02/2000 15:00   1.265   0.012 0 0
8721604 22/02/2000 16:00   1.109   0.011 0 0
8721604 22/02/2000 17:00   0.856   0.013 0 0
8721604 22/02/2000 18:00   0.556   0.012 0 0
8721604 22/02/2000 19:00   0.252   0.011 0 0
8721604 22/02/2000 20:00  -0.012   0.009 0 0
8721604 22/02/2000 21:00  -0.001   0.010 0 0
8721604 22/02/2000 22:00   0.106   0.011 0 0
8721604 22/02/2000 23:00   0.312   0.009 0 0
8721604 23/02/2000 00:00   0.586   0.011 0 0
8721604 23/02/2000 01:00   0.844   0.011 0 0
8721604 23/02/2000 02:00   1.156   0.012 0 0
8721604 23/02/2000 03:00   1.201   0.013 0 0
8721604 23/02/2000 04:00   1.091   0.010 0 0
8721604 23/02/2000 05:00   0.949   0.012 0 0
8721604 23/02/2000 06:00   0.693   0.009 0 0
8721604 23/02/2000 07:00   0.361   0.010 0 0
8721604 23/02/2000 08:00   0.147   0.009 0 0
8721604 23/02/2000 09:00   0.067   0.008 0 0
8721604 23/02/2000 10:00   0.088   0.008 0 0
8721604 23/02/2000 11:00   0.278   0.010 0 0
8721604 23/02/2000 12:00   0.577   0.008 0 0
8721604 23/02/2000 13:00   0.785   0.012 0 0
8721604 23/02/2000 14:00   1.017   0.011 0 0
8721604 23/02/2000 15:00   1.188   0.013 0 0
8721604 23/02/2000 16:00   1.071   0.009 0 0
8721604 23/02/2000 17:00   0.927   0.012 0 0
8721604 23/02/2000 18:00   0.709   0.012 0 0
8721604 23/02/2000 19:00   0.448   0.013 0 0
8721604 23/02/2000 20:00   0.182   0.010 0 0
8721604 23/02/2000 21:00   0.014   0.009 0 0
8721604 23/02/2000 22:00   0.026   0.012 0 0
8721604 23/02/2000 23:00   0.124   0.010 0 0
8721604 24/02/2000 00:00   0.370   0.010 0 0
8721604 24/02/2000 01:00   0.555   0.012 0 0
8721604 24/02/2000 02:00   0.874   0.012 0 0
8721604 24/02/2000 03:00   1.083   0.010 0 0
8721604 24/02/2000 04:00   1.106   0.010 0 0
8721604 24/02/2000 05:00   1.048   0.014 0 0
8721604 24/02/2000 06:00   0.879   0.014 0 0
8721604 24/02/2000 07:00   0.620   0.011 0 0
8721604 24/02/2000 08:00   0.394   0.009 0 0
8721604 24/02/2000 09:00   0.146   0.011 0 0
8721604 24/02/2000 10:00   0.085   0.009 0 0
8721604 24/02/2000 11:00   0.189   0.013 0 0
8721604 24/02/2000 12:00   0.292   0.013 0 0
8721604 24/02/2000 13:00   0.517   0.011 0 0
8721604 24/02/2000 14:00   0.776   0.013 0 0
8721604 24/02/2000 15:00   0.993   0.014 0 0
8721604 24/02/2000 16:00   0.969   0.023 0 0
8721604 24/02/2000 17:00   0.978   0.015 0 0
8721604 24/02/2000 18:00   0.786   0.012 0 0
8721604 24/02/2000 19:00   0.585   0.014 0 0
8721604 24/02/2000 20:00   0.368   0.012 0 0
8721604 24/02/2000 21:00   0.150   0.008 0 0
8721604 24/02/2000 22:00   0.068   0.011 0 0
8721604 24/02/2000 23:00   0.034   0.013 0 0
8721604 25/02/2000 00:00   0.190   0.011 0 0
8721604 25/02/2000 01:00   0.411   0.017 0 0
8721604 25/02/2000 02:00   0.625   0.017 0 0
8721604 25/02/2000 03:00   0.900   0.018 0 0
8721604 25/02/2000 04:00   1.043   0.015 0 0
8721604 25/02/2000 05:00   1.048   0.022 0 0
8721604 25/02/2000 06:00   0.955   0.017 0 0
8721604 25/02/2000 07:00   0.813   0.013 0 0
8721604 25/02/2000 08:00   0.577   0.014 0 0
8721604 25/02/2000 09:00   0.367   0.010 0 0
8721604 25/02/2000 10:00   0.183   0.012 0 0
8721604 25/02/2000 11:00   0.194   0.018 0 0
8721604 25/02/2000 12:00   0.279   0.013 0 0
8721604 25/02/2000 13:00   0.305   0.010 0 0
8721604 25/02/2000 14:00   0.531   0.015 0 0
8721604 25/02/2000 15:00   0.778   0.016 0 0
8721604 25/02/2000 16:00   0.897   0.015 0 0
8721604 25/02/2000 17:00   0.931   0.012 0 0
8721604 25/02/2000 18:00   0.857   0.014 0 0
8721604 25/02/2000 19:00   0.725   0.019 0 0
8721604 25/02/2000 20:00   0.487   0.012 0 0
8721604 25/02/2000 21:00   0.322   0.012 0 0
8721604 25/02/2000 22:00   0.164   0.015 0 0
8721604 25/02/2000 23:00   0.067   0.016 0 0
8721604 26/02/2000 00:00   0.126   0.012 0 0
8721604 26/02/2000 01:00   0.270   0.014 0 0
8721604 26/02/2000 02:00   0.395   0.011 0 0
8721604 26/02/2000 03:00   0.638   0.012 0 0
8721604 26/02/2000 04:00   0.874   0.012 0 0
8721604 26/02/2000 05:00   0.958   0.011 0 0
8721604 26/02/2000 06:00   0.973   0.016 0 0
8721604 26/02/2000 07:00   0.880   0.015 0 0
8721604 26/02/2000 08:00   0.752   0.013 0 0
8721604 26/02/2000 09:00   0.536   0.010 0 0
8721604 26/02/2000 10:00   0.344   0.009 0 0
8721604 26/02/2000 11:00   0.234   0.009 0 0
8721604 26/02/2000 12:00   0.230   0.009 0 0
8721604 26/02/2000 13:00   0.207   0.010 0 0
8721604 26/02/2000 14:00   0.344   0.009 0 0
8721604 26/02/2000 15:00   0.513   0.010 0 0
8721604 26/02/2000 16:00   0.679   0.011 0 0
8721604 26/02/2000 17:00   0.761   0.013 0 0
8721604 26/02/2000 18:00   0.835   0.015 0 0
8721604 26/02/2000 19:00   0.726   0.013 0 0
8721604 26/02/2000 20:00   0.566   0.011 0 0
8721604 26/02/2000 21:00   0.418   0.010 0 0
8721604 26/02/2000 22:00   0.269   0.013 0 0
8721604 26/02/2000 23:00   0.099   0.010 0 0
8721604 27/02/2000 00:00   0.039   0.016 0 0
8721604 27/02/2000 01:00   0.108   0.021 0 0
8721604 27/02/2000 02:00   0.191   0.011 0 0
8721604 27/02/2000 03:00   0.404   0.011 0 0
8721604 27/02/2000 04:00   0.622   0.012 0 0
8721604 27/02/2000 05:00   0.828   0.012 0 0
8721604 27/02/2000 06:00   0.927   0.015 0 0
8721604 27/02/2000 07:00   0.873   0.013 0 0
8721604 27/02/2000 08:00   0.854   0.014 0 0
8721604 27/02/2000 09:00   0.686   0.009 0 0
8721604 27/02/2000 10:00   0.477   0.011 0 0
8721604 27/02/2000 11:00   0.297   0.010 0 0
8721604 27/02/2000 12:00   0.171   0.014 0 0
8721604 27/02/2000 13:00   0.100   0.009 0 0
8721604 27/02/2000 14:00   0.185   0.008 0 0
8721604 27/02/2000 15:00   0.353   0.012 0 0
8721604 27/02/2000 16:00   0.458   0.010 0 0
8721604 27/02/2000 17:00   0.607   0.011 0 0
8721604 27/02/2000 18:00   0.721   0.012 0 0
8721604 27/02/2000 19:00   0.720   0.010 0 0
8721604 27/02/2000 20:00   0.633   0.010 0 0
8721604 27/02/2000 21:00   0.605   0.015 0 0
8721604 27/02/2000 22:00   0.434   0.011 0 0
8721604 27/02/2000 23:00   0.209   0.036 0 0
8721604 28/02/2000 00:00   0.111   0.015 0 0
8721604 28/02/2000 01:00   0.122   0.013 0 0
8721604 28/02/2000 02:00   0.155   0.011 0 0
8721604 28/02/2000 03:00   0.255   0.010 0 0
8721604 28/02/2000 04:00   0.283   0.012 0 0
8721604 28/02/2000 05:00   0.731   0.019 0 0
8721604 28/02/2000 06:00   0.921   0.015 0 0
8721604 28/02/2000 07:00   0.830   0.014 0 0
8721604 28/02/2000 08:00   0.874   0.013 0 0
8721604 28/02/2000 09:00   0.883   0.014 0 0
8721604 28/02/2000 10:00   0.710   0.010 0 0
8721604 28/02/2000 11:00   0.446   0.010 0 0
8721604 28/02/2000 12:00   0.381   0.011 0 0
8721604 28/02/2000 13:00   0.200   0.008 0 0
8721604 28/02/2000 14:00   0.243   0.012 0 0
8721604 28/02/2000 15:00   0.294   0.009 0 0
8721604 28/02/2000 16:00   0.399   0.010 0 0
8721604 28/02/2000 17:00   0.500   0.010 0 0
8721604 28/02/2000 18:00   0.644   0.010 0 0
8721604 28/02/2000 19:00   0.769   0.009 0 0
8721604 28/02/2000 20:00   0.698   0.009 0 0
8721604 28/02/2000 21:00   0.687   0.011 0 0
8721604 28/02/2000 22:00   0.644   0.009 0 0
8721604 28/02/2000 23:00   0.440   0.015 0 0
8721604 29/02/2000 00:00   0.274   0.009 0 0
8721604 29/02/2000 01:00   0.196   0.010 0 0
8721604 29/02/2000 02:00   0.209   0.006 0 0
8721604 29/02/2000 03:00   0.198   0.007 0 0
8721604 29/02/2000 04:00   0.381   0.009 0 0
8721604 29/02/2000 05:00   0.566   0.013 0 0
8721604 29/02/2000 06:00   0.720   0.008 0 0
8721604 29/02/2000 07:00   0.939   0.007 0 0
8721604 29/02/2000 08:00   1.043   0.009 0 0
8721604 29/02/2000 09:00   0.979   0.011 0 0
8721604 29/02/2000 10:00   0.895   0.014 0 0
8721604 29/02/2000 11:00   0.782   0.010 0 0
8721604 29/02/2000 12:00   0.571   0.006 0 0
8721604 29/02/2000 13:00   0.355   0.012 0 0
8721604 29/02/2000 14:00   0.307   0.009 0 0
8721604 29/02/2000 15:00   0.279   0.007 0 0
8721604 29/02/2000 16:00   0.297   0.012 0 0
8721604 29/02/2000 17:00   0.360   0.012 0 0
8721604 29/02/2000 18:00   0.595   0.009 0 0
8721604 29/02/2000 19:00   0.676   0.008 0 0
8721604 29/02/2000 20:00   0.715   0.012 0 0
8721604 29/02/2000 21:00   0.807   0.012 0 0
8721604 29/02/2000 22:00   0.781   0.012 0 0
8721604 29/02/2000 23:00   0.576   0.010 0 0
8721604 01/03/2000 00:00   0.404   0.012 0 0
8721604 01/03/2000 01:00   0.288   0.012 0 0
8721604 01/03/2000 02:00   0.171   0.009 0 0
8721604 01/03/2000 03:00   0.144   0.007 0 0
8721604 01/03/2000 04:00   0.237   0.010 0 0
8721604 01/03/2000 05:00   0.420   0.010 0 0
8721604 01/03/2000 06:00   0.583   0.010 0 0
8721604 01/03/2000 07:00   0.743   0.011 0 0
8721604 01/03/2000 08:00   1.029   0.011 0 0
8721604 01/03/2000 09:00   1.036   0.009 0 0
8721604 01/03/2000 10:00   0.920   0.014 0 0
8721604 01/03/2000 11:00   0.913   0.009 0 0
8721604 01/03/2000 12:00   0.731   0.008 0 0
8721604 01/03/2000 13:00   0.479   0.013 0 0
8721604 01/03/2000 14:00   0.315   0.009 0 0
8721604 01/03/2000 15:00   0.246   0.009 0 0
8721604 01/03/2000 16:00   0.184   0.009 0 0
8721604 01/03/2000 17:00   0.248   0.011 0 0
8721604 01/03/2000 18:00   0.429   0.013 0 0
8721604 01/03/2000 19:00   0.575   0.010 0 0
8721604 01/03/2000 20:00   0.705   0.009 0 0
8721604 01/03/2000 21:00   0.821   0.014 0 0
8721604 01/03/2000 22:00   0.802   0.012 0 0
8721604 01/03/2000 23:00   0.732   0.010 0 0
8721604 02/03/2000 00:00   0.573   0.015 0 0
8721604 02/03/2000 01:00   0.405   0.009 0 0
8721604 02/03/2000 02:00   0.223   0.010 0 0
8721604 02/03/2000 03:00   0.070   0.010 0 0
8721604 02/03/2000 04:00   0.035   0.009 0 0
8721604 02/03/2000 05:00   0.184   0.009 0 0
8721604 02/03/2000 06:00   0.306   0.010 0 0
8721604 02/03/2000 07:00   0.513   0.012 0 0
8721604 02/03/2000 08:00   0.762   0.015 0 0
8721604 02/03/2000 09:00   0.938   0.012 0 0
8721604 02/03/2000 10:00   0.987   0.011 0 0
8721604 02/03/2000 11:00   0.976   0.017 0 0
8721604 02/03/2000 12:00   0.822   0.018 0 0
8721604 02/03/2000 13:00   0.642   0.007 0 0
8721604 02/03/2000 14:00   0.433   0.007 0 0
8721604 02/03/2000 15:00   0.246   0.011 0 0
8721604 02/03/2000 16:00   0.142   0.006 0 0
8721604 02/03/2000 17:00   0.133   0.009 0 0
8721604 02/03/2000 18:00   0.296   0.010 0 0
8721604 02/03/2000 19:00   0.430   0.008 0 0
8721604 02/03/2000 20:00   0.539   0.011 0 0
8721604 02/03/2000 21:00   0.787   0.009 0 0
8721604 02/03/2000 22:00   0.845   0.008 0 0
8721604 02/03/2000 23:00   0.779   0.021 0 0
8721604 03/03/2000 00:00   0.678   0.021 0 0
8721604 03/03/2000 01:00   0.590   0.010 0 0
8721604 03/03/2000 02:00   0.335   0.010 0 0
8721604 03/03/2000 03:00   0.137   0.012 0 0
8721604 03/03/2000 04:00  -0.012   0.007 0 0
8721604 03/03/2000 05:00   0.009   0.007 0 0
8721604 03/03/2000 06:00   0.137   0.011 0 0
8721604 03/03/2000 07:00   0.377   0.006 0 0
8721604 03/03/2000 08:00   0.671   0.005 0 0
8721604 03/03/2000 09:00   0.854   0.007 0 0
8721604 03/03/2000 10:00   1.044   0.006 0 0
8721604 03/03/2000 11:00   1.121   0.008 0 0
8721604 03/03/2000 12:00   1.045   0.010 0 0
8721604 03/03/2000 13:00   0.830   0.008 0 0
8721604 03/03/2000 14:00   0.581   0.008 0 0
8721604 03/03/2000 15:00   0.426   0.005 0 0
8721604 03/03/2000 16:00   0.184   0.011 0 0
8721604 03/03/2000 17:00   0.130   0.005 0 0
8721604 03/03/2000 18:00   0.229   0.016 0 0
8721604 03/03/2000 19:00   0.345   0.005 0 0
8721604 03/03/2000 20:00   0.530   0.007 0 0
8721604 03/03/2000 21:00   0.692   0.015 0 0
8721604 03/03/2000 22:00   0.949   0.009 0 0
8721604 03/03/2000 23:00   0.971   0.021 0 0
8721604 04/03/2000 00:00   0.866   0.007 0 0
8721604 04/03/2000 01:00   0.803   0.011 0 0
8721604 04/03/2000 02:00   0.558   0.005 0 0
8721604 04/03/2000 03:00   0.305   0.007 0 0
8721604 04/03/2000 04:00   0.170   0.004 0 0
8721604 04/03/2000 05:00   0.005   0.005 0 0
8721604 04/03/2000 06:00   0.078   0.007 0 0
8721604 04/03/2000 07:00   0.273   0.007 0 0
8721604 04/03/2000 08:00   0.540   0.005 0 0
8721604 04/03/2000 09:00   0.769   0.004 0 0
8721604 04/03/2000 10:00   1.006   0.007 0 0
8721604 04/03/2000 11:00   1.133   0.004 0 0
8721604 04/03/2000 12:00   1.139   0.011 0 0
8721604 04/03/2000 13:00   1.036   0.010 0 0
8721604 04/03/2000 14:00   0.814   0.007 0 0
8721604 04/03/2000 15:00   0.584   0.006 0 0
8721604 04/03/2000 16:00   0.307   0.004 0 0
8721604 04/03/2000 17:00   0.058   0.006 0 0
8721604 04/03/2000 18:00   0.140   0.007 0 0
8721604 04/03/2000 19:00   0.215   0.007 0 0
8721604 04/03/2000 20:00   0.363   0.009 0 0
8721604 04/03/2000 21:00   0.538   0.009 0 0
8721604 04/03/2000 22:00   0.831   0.013 0 0
8721604 04/03/2000 23:00   1.041   0.012 0 0
8721604 05/03/2000 00:00   0.936   0.011 0 0
8721604 05/03/2000 01:00   0.860   0.008 0 0
8721604 05/03/2000 02:00   0.657   0.015 0 0
8721604 05/03/2000 03:00   0.364   0.004 0 0
8721604 05/03/2000 04:00   0.181   0.005 0 0
8721604 05/03/2000 05:00  -0.031   0.008 0 0
8721604 05/03/2000 06:00  -0.055   0.006 0 0
8721604 05/03/2000 07:00   0.087   0.007 0 0
8721604 05/03/2000 08:00   0.233   0.005 0 0
8721604 05/03/2000 09:00   0.630   0.006 0 0
8721604 05/03/2000 10:00   0.828   0.009 0 0
8721604 05/03/2000 11:00   1.115   0.015 0 0
8721604 05/03/2000 12:00   1.248   0.013 0 0
8721604 05/03/2000 13:00   1.172   0.006 0 0
8721604 05/03/2000 14:00   0.960   0.006 0 0
8721604 05/03/2000 15:00   0.728   0.006 0 0
8721604 05/03/2000 16:00   0.455   0.005 0 0
8721604 05/03/2000 17:00   0.236   0.006 0 0
8721604 05/03/2000 18:00   0.068   0.009 0 0
8721604 05/03/2000 19:00   0.118   0.005 0 0
8721604 05/03/2000 20:00   0.263   0.008 0 0
8721604 05/03/2000 21:00   0.529   0.011 0 0
8721604 05/03/2000 22:00   0.754   0.008 0 0
8721604 05/03/2000 23:00   0.930   0.007 0 0
8721604 06/03/2000 00:00   1.141   0.010 0 0
8721604 06/03/2000 01:00   1.114   0.005 0 0
8721604 06/03/2000 02:00   0.931   0.007 0 0
8721604 06/03/2000 03:00   0.675   0.006 0 0
8721604 06/03/2000 04:00   0.422   0.004 0 0
8721604 06/03/2000 05:00   0.167   0.007 0 0
8721604 06/03/2000 06:00   0.015   0.004 0 0
8721604 06/03/2000 07:00  -0.025   0.004 0 0
8721604 06/03/2000 08:00   0.138   0.008 0 0
8721604 06/03/2000 09:00   0.415   0.006 0 0
8721604 06/03/2000 10:00   0.629   0.005 0 0
8721604 06/03/2000 11:00   0.898   0.010 0 0
8721604 06/03/2000 12:00   1.139   0.005 0 0
8721604 06/03/2000 13:00   1.190   0.006 0 0
8721604 06/03/2000 14:00   1.017   0.009 0 0
8721604 06/03/2000 15:00   0.868   0.014 0 0
8721604 06/03/2000 16:00   0.557   0.009 0 0
8721604 06/03/2000 17:00   0.254   0.010 0 0
8721604 06/03/2000 18:00   0.055   0.005 0 0
8721604 06/03/2000 19:00  -0.068   0.008 0 0
8721604 06/03/2000 20:00   0.059   0.009 0 0
8721604 06/03/2000 21:00   0.326   0.007 0 0
8721604 06/03/2000 22:00   0.524   0.008 0 0
8721604 06/03/2000 23:00   0.729   0.009 0 0
8721604 07/03/2000 00:00   1.035   0.007 0 0
8721604 07/03/2000 01:00   1.141   0.010 0 0
8721604 07/03/2000 02:00   1.002   0.010 0 0
8721604 07/03/2000 03:00   0.844   0.009 0 0
8721604 07/03/2000 04:00   0.581   0.008 0 0
8721604 07/03/2000 05:00   0.295   0.005 0 0
8721604 07/03/2000 06:00  -0.031   0.006 0 0
8721604 07/03/2000 07:00  -0.120   0.008 0 0
8721604 07/03/2000 08:00   0.017   0.007 0 0
8721604 07/03/2000 09:00   0.162   0.006 0 0
8721604 07/03/2000 10:00   0.432   0.007 0 0
8721604 07/03/2000 11:00   0.724   0.008 0 0
8721604 07/03/2000 12:00   0.984   0.009 0 0
8721604 07/03/2000 13:00   1.098   0.014 0 0
8721604 07/03/2000 14:00   1.081   0.007 0 0
8721604 07/03/2000 15:00   0.947   0.013 0 0
8721604 07/03/2000 16:00   0.648   0.012 0 0
8721604 07/03/2000 17:00   0.345   0.006 0 0
8721604 07/03/2000 18:00   0.113   0.008 0 0
8721604 07/03/2000 19:00  -0.088   0.012 0 0
8721604 07/03/2000 20:00  -0.091   0.009 0 0
8721604 07/03/2000 21:00   0.118   0.012 0 0
8721604 07/03/2000 22:00   0.376   0.018 0 0
8721604 07/03/2000 23:00   0.588   0.011 0 0
8721604 08/03/2000 00:00   0.908   0.010 0 0
8721604 08/03/2000 01:00   1.119   0.008 0 0
8721604 08/03/2000 02:00   1.074   0.008 0 0
8721604 08/03/2000 03:00   0.965   0.010 0 0
8721604 08/03/2000 04:00   0.823   0.008 0 0
8721604 08/03/2000 05:00   0.478   0.013 0 0
8721604 08/03/2000 06:00   0.202   0.007 0 0
8721604 08/03/2000 07:00  -0.027   0.009 0 0
8721604 08/03/2000 08:00  -0.038   0.012 0 0
8721604 08/03/2000 09:00   0.042   0.007 0 0
8721604 08/03/2000 10:00   0.196   0.010 0 0
8721604 08/03/2000 11:00   0.528   0.007 0 0
8721604 08/03/2000 12:00   0.846   0.010 0 0
8721604 08/03/2000 13:00   1.044   0.009 0 0
8721604 08/03/2000 14:00   1.105   0.010 0 0
8721604 08/03/2000 15:00   1.090   0.007 0 0
8721604 08/03/2000 16:00   0.840   0.008 0 0
8721604 08/03/2000 17:00   0.531   0.009 0 0
8721604 08/03/2000 18:00   0.248   0.007 0 0
8721604 08/03/2000 19:00   0.013   0.009 0 0
8721604 08/03/2000 20:00  -0.109   0.009 0 0
8721604 08/03/2000 21:00  -0.027   0.008 0 0
8721604 08/03/2000 22:00   0.183   0.011 0 0
8721604 08/03/2000 23:00   0.455   0.012 0 0
8721604 09/03/2000 00:00   0.708   0.008 0 0
8721604 09/03/2000 01:00   0.970   0.009 0 0
8721604 09/03/2000 02:00   1.134   0.009 0 0
8721604 09/03/2000 03:00   1.110   0.009 0 0
8721604 09/03/2000 04:00   0.948   0.011 0 0
8721604 09/03/2000 05:00   0.715   0.009 0 0
8721604 09/03/2000 06:00   0.422   0.008 0 0
8721604 09/03/2000 07:00   0.074   0.009 0 0
8721604 09/03/2000 08:00  -0.044   0.009 0 0
8721604 09/03/2000 09:00  -0.030   0.008 0 0
8721604 09/03/2000 10:00   0.047   0.008 0 0
8721604 09/03/2000 11:00   0.281   0.010 0 0
8721604 09/03/2000 12:00   0.564   0.009 0 0
8721604 09/03/2000 13:00   0.795   0.011 0 0
8721604 09/03/2000 14:00   1.001   0.010 0 0
8721604 09/03/2000 15:00   1.053   0.010 0 0
8721604 09/03/2000 16:00   0.913   0.010 0 0
8721604 09/03/2000 17:00   0.651   0.007 0 0
8721604 09/03/2000 18:00   0.408   0.009 0 0
8721604 09/03/2000 19:00   0.167   0.009 0 0
8721604 09/03/2000 20:00  -0.105   0.011 0 0
8721604 09/03/2000 21:00  -0.171   0.018 0 0
8721604 09/03/2000 22:00   0.013   0.011 0 0
8721604 09/03/2000 23:00   0.189   0.020 0 0
8721604 10/03/2000 00:00   0.511   0.010 0 0
8721604 10/03/2000 01:00   0.777   0.011 0 0
8721604 10/03/2000 02:00   1.005   0.009 0 0
8721604 10/03/2000 03:00   1.121   0.011 0 0
8721604 10/03/2000 04:00   1.071   0.010 0 0
8721604 10/03/2000 05:00   0.920   0.013 0 0
8721604 10/03/2000 06:00   0.605   0.011 0 0
8721604 10/03/2000 07:00   0.318   0.010 0 0
8721604 10/03/2000 08:00   0.107   0.008 0 0
8721604 10/03/2000 09:00  -0.099   0.008 0 0
8721604 10/03/2000 10:00  -0.073   0.008 0 0
8721604 10/03/2000 11:00   0.049   0.007 0 0
8721604 10/03/2000 12:00   0.260   0.009 0 0
8721604 10/03/2000 13:00   0.532   0.009 0 0
8721604 10/03/2000 14:00   0.754   0.012 0 0
8721604 10/03/2000 15:00   0.928   0.008 0 0
8721604 10/03/2000 16:00   0.910   0.009 0 0
8721604 10/03/2000 17:00   0.752   0.010 0 0
8721604 10/03/2000 18:00   0.561   0.013 0 0
8721604 10/03/2000 19:00   0.285   0.005 0 0
8721604 10/03/2000 20:00   0.014   0.011 0 0
8721604 10/03/2000 21:00  -0.138   0.011 0 0
8721604 10/03/2000 22:00  -0.106   0.018 0 0
8721604 10/03/2000 23:00  -0.032   0.013 0 0
8721604 11/03/2000 00:00   0.188   0.009 0 0
8721604 11/03/2000 01:00   0.523   0.016 0 0
8721604 11/03/2000 02:00   0.821   0.014 0 0
8721604 11/03/2000 03:00   1.026   0.012 0 0
8721604 11/03/2000 04:00   1.071   0.011 0 0
8721604 11/03/2000 05:00   1.082   0.013 0 0
8721604 11/03/2000 06:00   0.866   0.013 0 0
8721604 11/03/2000 07:00   0.563   0.012 0 0
8721604 11/03/2000 08:00   0.349   0.010 0 0
8721604 11/03/2000 09:00   0.085   0.011 0 0
8721604 11/03/2000 10:00  -0.101   0.008 0 0
8721604 11/03/2000 11:00  -0.031   0.008 0 0
8721604 11/03/2000 12:00   0.113   0.017 0 0
8721604 11/03/2000 13:00   0.287   0.019 0 0
8721604 11/03/2000 14:00   0.569   0.009 0 0
8721604 11/03/2000 15:00   0.809   0.011 0 0
8721604 11/03/2000 16:00   0.833   0.011 0 0
8721604 11/03/2000 17:00   0.855   0.018 0 0
8721604 11/03/2000 18:00   0.696   0.016 0 0
8721604 11/03/2000 19:00   0.435   0.013 0 0
8721604 11/03/2000 20:00   0.263   0.014 0 0
8721604 11/03/2000 21:00   0.062   0.010 0 0
8721604 11/03/2000 22:00  -0.091   0.017 0 0
8721604 11/03/2000 23:00  -0.159   0.024 0 0
8721604 12/03/2000 00:00  -0.055   0.016 0 0
8721604 12/03/2000 01:00   0.206   0.017 0 0
8721604 12/03/2000 02:00   0.433   0.017 0 0
8721604 12/03/2000 03:00   0.760   0.016 0 0
8721604 12/03/2000 04:00   1.006   0.018 0 0
8721604 12/03/2000 05:00   1.048   0.018 0 0
8721604 12/03/2000 06:00   0.941   0.014 0 0
8721604 12/03/2000 07:00   0.705   0.014 0 0
8721604 12/03/2000 08:00   0.527   0.011 0 0
8721604 12/03/2000 09:00   0.234   0.008 0 0
8721604 12/03/2000 10:00   0.008   0.010 0 0
8721604 12/03/2000 11:00  -0.058   0.022 0 0
8721604 12/03/2000 12:00  -0.042   0.010 0 0
8721604 12/03/2000 13:00   0.006   0.008 0 0
8721604 12/03/2000 14:00   0.202   0.007 0 0
8721604 12/03/2000 15:00   0.532   0.007 0 0
8721604 12/03/2000 16:00   0.713   0.009 0 0
8721604 12/03/2000 17:00   0.699   0.010 0 0
8721604 12/03/2000 18:00   0.741   0.006 0 0
8721604 12/03/2000 19:00   0.630   0.011 0 0
8721604 12/03/2000 20:00   0.414   0.006 0 0
8721604 12/03/2000 21:00   0.197   0.011 0 0
8721604 12/03/2000 22:00  -0.039   0.007 0 0
8721604 12/03/2000 23:00  -0.160   0.016 0 0
8721604 13/03/2000 00:00  -0.113   0.012 0 0
8721604 13/03/2000 01:00   0.043   0.012 0 0
8721604 13/03/2000 02:00   0.223   0.008 0 0
8721604 13/03/2000 03:00   0.500   0.012 0 0
8721604 13/03/2000 04:00   0.850   0.009 0 0
8721604 13/03/2000 05:00   1.038   0.006 0 0
8721604 13/03/2000 06:00   1.047   0.008 0 0
8721604 13/03/2000 07:00   0.969   0.006 0 0
8721604 13/03/2000 08:00   0.850   0.006 0 0
8721604 13/03/2000 09:00   0.625   0.006 0 0
8721604 13/03/2000 10:00   0.314   0.010 0 0
8721604 13/03/2000 11:00   0.084   0.005 0 0
8721604 13/03/2000 12:00   0.089   0.009 0 0
8721604 13/03/2000 13:00   0.048   0.004 0 0
8721604 13/03/2000 14:00   0.120   0.006 0 0
8721604 13/03/2000 15:00   0.389   0.004 0 0
8721604 13/03/2000 16:00   0.533   0.006 0 0
8721604 13/03/2000 17:00   0.696   0.006 0 0
8721604 13/03/2000 18:00   0.793   0.008 0 0
8721604 13/03/2000 19:00   0.790   0.006 0 0
8721604 13/03/2000 20:00   0.708   0.007 0 0
8721604 13/03/2000 21:00   0.452   0.009 0 0
8721604 13/03/2000 22:00   0.165   0.010 0 0
8721604 13/03/2000 23:00   0.023   0.019 0 0
8721604 14/03/2000 00:00  -0.079   0.009 0 0
8721604 14/03/2000 01:00  -0.090   0.008 0 0
8721604 14/03/2000 02:00   0.014   0.010 0 0
8721604 14/03/2000 03:00   0.262   0.008 0 0
8721604 14/03/2000 04:00   0.601   0.004 0 0
8721604 14/03/2000 05:00   0.857   0.006 0 0
8721604 14/03/2000 06:00   0.999   0.008 0 0
8721604 14/03/2000 07:00   1.116   0.005 0 0
8721604 14/03/2000 08:00   1.121   0.005 0 0
8721604 14/03/2000 09:00   0.946   0.011 0 0
8721604 14/03/2000 10:00   0.679   0.004 0 0
8721604 14/03/2000 11:00   0.454   0.006 0 0
8721604 14/03/2000 12:00   0.280   0.030 0 0
8721604 14/03/2000 13:00   0.154   0.006 0 0
8721604 14/03/2000 14:00   0.115   0.008 0 0
8721604 14/03/2000 15:00   0.235   0.006 0 0
8721604 14/03/2000 16:00   0.451   0.006 0 0
8721604 14/03/2000 17:00   0.623   0.011 0 0
8721604 14/03/2000 18:00   0.838   0.007 0 0
8721604 14/03/2000 19:00   0.879   0.011 0 0
8721604 14/03/2000 20:00   0.879   0.008 0 0
8721604 14/03/2000 21:00   0.824   0.013 0 0
8721604 14/03/2000 22:00   0.635   0.010 0 0
8721604 14/03/2000 23:00   0.370   0.009 0 0
8721604 15/03/2000 00:00   0.166   0.005 0 0
8721604 15/03/2000 01:00   0.014   0.010 0 0
8721604 15/03/2000 02:00  -0.031   0.008 0 0
8721604 15/03/2000 03:00   0.069   0.012 0 0
8721604 15/03/2000 04:00   0.338   0.007 0 0
8721604 15/03/2000 05:00   0.650   0.013 0 0
8721604 15/03/2000 06:00   0.867   0.010 0 0
8721604 15/03/2000 07:00   1.063   0.008 0 0
8721604 15/03/2000 08:00   1.196   0.011 0 0
8721604 15/03/2000 09:00   1.169   0.010 0 0
8721604 15/03/2000 10:00   1.006   0.010 0 0
8721604 15/03/2000 11:00   0.813   0.014 0 0
8721604 15/03/2000 12:00   0.547   0.010 0 0
8721604 15/03/2000 13:00   0.236   0.008 0 0
8721604 15/03/2000 14:00   0.119   0.008 0 0
8721604 15/03/2000 15:00   0.123   0.008 0 0
8721604 15/03/2000 16:00   0.221   0.010 0 0
8721604 15/03/2000 17:00   0.402   0.000 1 0
8721604 15/03/2000 18:00   0.607   0.000 1 0
8721604 15/03/2000 19:00   0.815   0.010 0 0
8721604 15/03/2000 20:00   0.952   0.012 0 0
8721604 15/03/2000 21:00   0.994   0.013 0 0
8721604 15/03/2000 22:00   0.879   0.011 0 0
8721604 15/03/2000 23:00   0.643   0.010 0 0
8721604 16/03/2000 00:00   0.420   0.007 0 0
8721604 16/03/2000 01:00   0.158   0.010 0 0
8721604 16/03/2000 02:00  -0.017   0.009 0 0
8721604 16/03/2000 03:00  -0.085   0.010 0 0
8721604 16/03/2000 04:00   0.108   0.009 0 0
8721604 16/03/2000 05:00   0.302   0.011 0 0
8721604 16/03/2000 06:00   0.511   0.011 0 0
8721604 16/03/2000 07:00   0.899   0.013 0 0
8721604 16/03/2000 08:00   1.089   0.012 0 0
8721604 16/03/2000 09:00   1.166   0.011 0 0
8721604 16/03/2000 10:00   1.164   0.013 0 0
8721604 16/03/2000 11:00   0.992   0.015 0 0
8721604 16/03/2000 12:00   0.781   0.016 0 0
8721604 16/03/2000 13:00   0.433   0.016 0 0
8721604 16/03/2000 14:00   0.164   0.000 1 0
8721604 16/03/2000 15:00   0.019   0.000 1 0
8721604 16/03/2000 16:00   0.022   0.000 1 0
8721604 16/03/2000 17:00   0.129   0.014 0 0
8721604 16/03/2000 18:00   0.344   0.014 0 0
8721604 16/03/2000 19:00   0.540   0.014 0 0
8721604 16/03/2000 20:00   0.815   0.017 0 0
8721604 16/03/2000 21:00   0.939   0.020 0 0
8721604 16/03/2000 22:00   0.931   0.019 0 0
8721604 16/03/2000 23:00   0.834   0.026 0 0
8721604 17/03/2000 00:00   0.657   0.019 0 0
8721604 17/03/2000 01:00   0.283   0.018 0 0
8721604 17/03/2000 02:00  -0.089   0.015 0 0
8721604 17/03/2000 03:00  -0.160   0.015 0 0
8721604 17/03/2000 04:00  -0.226   0.017 0 0
8721604 17/03/2000 05:00  -0.182   0.010 0 0
8721604 17/03/2000 06:00   0.094   0.024 0 0
8721604 17/03/2000 07:00   0.391   0.010 0 0
8721604 17/03/2000 08:00   0.744   0.013 0 0
8721604 17/03/2000 09:00   0.952   0.015 0 0
8721604 17/03/2000 10:00   1.125   0.012 0 0
8721604 17/03/2000 11:00   1.280   0.028 0 0
8721604 17/03/2000 12:00   0.879   0.023 0 0
8721604 17/03/2000 13:00   0.549   0.011 0 0
8721604 17/03/2000 14:00   0.270   0.011 0 0
8721604 17/03/2000 15:00   0.068   0.002 1 0
8721604 17/03/2000 16:00  -0.024   0.000 1 0
8721604 17/03/2000 17:00  -0.040   0.000 1 0
8721604 17/03/2000 18:00   0.056   0.011 0 0
8721604 17/03/2000 19:00   0.114   0.010 0 0
8721604 17/03/2000 20:00   0.453   0.027 0 0
8721604 17/03/2000 21:00   0.710   0.009 0 0
8721604 17/03/2000 22:00   0.851   0.020 0 0
8721604 17/03/2000 23:00   0.870   0.021 0 0
8721604 18/03/2000 00:00   0.849   0.010 0 0
8721604 18/03/2000 01:00   0.543   0.012 0 0
8721604 18/03/2000 02:00   0.269   0.011 0 0
8721604 18/03/2000 03:00  -0.007   0.009 0 0
8721604 18/03/2000 04:00  -0.241   0.010 0 0
8721604 18/03/2000 05:00  -0.268   0.004 0 0
8721604 18/03/2000 06:00  -0.094   0.009 0 0
8721604 18/03/2000 07:00   0.155   0.014 0 0
8721604 18/03/2000 08:00   0.489   0.008 0 0
8721604 18/03/2000 09:00   0.769   0.015 0 0
8721604 18/03/2000 10:00   1.069   0.008 0 0
8721604 18/03/2000 11:00   1.180   0.009 0 0
8721604 18/03/2000 12:00   1.255   0.011 0 0
8721604 18/03/2000 13:00   0.973   0.007 0 0
8721604 18/03/2000 14:00   0.657   0.014 0 0
8721604 18/03/2000 15:00   0.382   0.015 0 0
8721604 18/03/2000 16:00   0.071   0.007 0 0
8721604 18/03/2000 17:00  -0.085   0.015 0 0
8721604 18/03/2000 18:00  -0.049   0.014 0 0
8721604 18/03/2000 19:00   0.077   0.011 0 0
8721604 18/03/2000 20:00   0.370   0.012 0 0
8721604 18/03/2000 21:00   0.707   0.010 0 0
8721604 18/03/2000 22:00   1.031   0.016 0 0
8721604 18/03/2000 23:00   1.245   0.013 0 0
8721604 19/03/2000 00:00   1.198   0.017 0 0
8721604 19/03/2000 01:00   1.033   0.019 0 0
8721604 19/03/2000 02:00   0.794   0.018 0 0
8721604 19/03/2000 03:00   0.487   0.019 0 0
8721604 19/03/2000 04:00   0.231   0.014 0 0
8721604 19/03/2000 05:00  -0.015   0.012 0 0
8721604 19/03/2000 06:00  -0.063   0.012 0 0
8721604 19/03/2000 07:00   0.085   0.025 0 0
8721604 19/03/2000 08:00   0.433   0.018 0 0
8721604 19/03/2000 09:00   0.777   0.016 0 0
8721604 19/03/2000 10:00   0.998   0.014 0 0
8721604 19/03/2000 11:00   1.248   0.022 0 0
8721604 19/03/2000 12:00   1.357   0.017 0 0
8721604 19/03/2000 13:00   1.247   0.018 0 0
8721604 19/03/2000 14:00   1.082   0.018 0 0
8721604 19/03/2000 15:00   0.763   0.017 0 0
8721604 19/03/2000 16:00   0.492   0.017 0 0
8721604 19/03/2000 17:00   0.175   0.015 0 0
8721604 19/03/2000 18:00   0.013   0.013 0 0
8721604 19/03/2000 19:00   0.031   0.013 0 0
8721604 19/03/2000 20:00   0.287   0.014 0 0
8721604 19/03/2000 21:00   0.567   0.017 0 0
8721604 19/03/2000 22:00   0.878   0.018 0 0
8721604 19/03/2000 23:00   1.168   0.022 0 0
8721604 20/03/2000 00:00   1.317   0.025 0 0
8721604 20/03/2000 01:00   1.315   0.018 0 0
8721604 20/03/2000 02:00   1.101   0.020 0 0
8721604 20/03/2000 03:00   0.904   0.023 0 0
8721604 20/03/2000 04:00   0.491   0.015 0 0
8721604 20/03/2000 05:00   0.173   0.019 0 0
8721604 20/03/2000 06:00   0.048   0.012 0 0
8721604 20/03/2000 07:00   0.080   0.014 0 0
8721604 20/03/2000 08:00   0.163   0.014 0 0
8721604 20/03/2000 09:00   0.491   0.014 0 0
8721604 20/03/2000 10:00   0.749   0.021 0 0
8721604 20/03/2000 11:00   1.051   0.016 0 0
8721604 20/03/2000 12:00   1.280   0.018 0 0
8721604 20/03/2000 13:00   1.353   0.019 0 0
8721604 20/03/2000 14:00   1.110   0.014 0 0
8721604 20/03/2000 15:00   0.875   0.015 0 0
8721604 20/03/2000 16:00   0.629   0.023 0 0
8721604 20/03/2000 17:00   0.286   0.013 0 0
8721604 20/03/2000 18:00   0.108   0.011 0 0
8721604 20/03/2000 19:00  -0.016   0.013 0 0
8721604 20/03/2000 20:00   0.120   0.010 0 0
8721604 20/03/2000 21:00   0.334   0.011 0 0
8721604 20/03/2000 22:00   0.659   0.013 0 0
8721604 20/03/2000 23:00   0.925   0.018 0 0
8721604 21/03/2000 00:00   1.232   0.016 0 0
8721604 21/03/2000 01:00   1.345   0.016 0 0
8721604 21/03/2000 02:00   1.218   0.012 0 0
8721604 21/03/2000 03:00   1.049   0.016 0 0
8721604 21/03/2000 04:00   0.741   0.010 0 0
8721604 21/03/2000 05:00   0.446   0.011 0 0
8721604 21/03/2000 06:00   0.151   0.014 0 0
8721604 21/03/2000 07:00   0.024   0.012 0 0
8721604 21/03/2000 08:00   0.123   0.009 0 0
8721604 21/03/2000 09:00   0.299   0.008 0 0
8721604 21/03/2000 10:00   0.542   0.010 0 0
8721604 21/03/2000 11:00   0.824   0.019 0 0
8721604 21/03/2000 12:00   1.081   0.013 0 0
8721604 21/03/2000 13:00   1.284   0.019 0 0
8721604 21/03/2000 14:00   1.315   0.018 0 0
8721604 21/03/2000 15:00   1.143   0.012 0 0
8721604 21/03/2000 16:00   0.878   0.021 0 0
8721604 21/03/2000 17:00   0.562   0.016 0 0
8721604 21/03/2000 18:00   0.289   0.012 0 0
8721604 21/03/2000 19:00   0.142   0.014 0 0
8721604 21/03/2000 20:00   0.055   0.011 0 0
8721604 21/03/2000 21:00   0.274   0.010 0 0
8721604 21/03/2000 22:00   0.480   0.018 0 0
8721604 21/03/2000 23:00   0.777   0.013 0 0
8721604 22/03/2000 00:00   1.076   0.015 0 0
8721604 22/03/2000 01:00   1.329   0.017 0 0
8721604 22/03/2000 02:00   1.358   0.015 0 0
8721604 22/03/2000 03:00   1.232   0.013 0 0
8721604 22/03/2000 04:00   1.052   0.012 0 0
8721604 22/03/2000 05:00   0.727   0.017 0 0
8721604 22/03/2000 06:00   0.401   0.014 0 0
8721604 22/03/2000 07:00   0.212   0.008 0 0
8721604 22/03/2000 08:00   0.098   0.008 0 0
8721604 22/03/2000 09:00   0.185   0.008 0 0
8721604 22/03/2000 10:00   0.366   0.013 0 0
8721604 22/03/2000 11:00   0.615   0.010 0 0
8721604 22/03/2000 12:00   0.874   0.018 0 0
8721604 22/03/2000 13:00   1.130   0.015 0 0
8721604 22/03/2000 14:00   1.279   0.014 0 0
8721604 22/03/2000 15:00   1.147   0.010 0 0
8721604 22/03/2000 16:00   1.032   0.011 0 0
8721604 22/03/2000 17:00   0.771   0.017 0 0
8721604 22/03/2000 18:00   0.481   0.013 0 0
8721604 22/03/2000 19:00   0.194   0.008 0 0
8721604 22/03/2000 20:00   0.114   0.013 0 0
8721604 22/03/2000 21:00   0.175   0.012 0 0
8721604 22/03/2000 22:00   0.282   0.012 0 0
8721604 22/03/2000 23:00   0.568   0.011 0 0
8721604 23/03/2000 00:00   0.857   0.014 0 0
8721604 23/03/2000 01:00   1.159   0.012 0 0
8721604 23/03/2000 02:00   1.347   0.014 0 0
8721604 23/03/2000 03:00   1.358   0.012 0 0
8721604 23/03/2000 04:00   1.247   0.009 0 0
8721604 23/03/2000 05:00   0.988   0.012 0 0
8721604 23/03/2000 06:00   0.737   0.012 0 0
8721604 23/03/2000 07:00   0.477   0.009 0 0
8721604 23/03/2000 08:00   0.272   0.009 0 0
8721604 23/03/2000 09:00   0.251   0.010 0 0
8721604 23/03/2000 10:00   0.330   0.014 0 0
8721604 23/03/2000 11:00   0.477   0.010 0 0
8721604 23/03/2000 12:00   0.730   0.010 0 0
8721604 23/03/2000 13:00   0.995   0.013 0 0
8721604 23/03/2000 14:00   1.189   0.013 0 0
8721604 23/03/2000 15:00   1.259   0.014 0 0
8721604 23/03/2000 16:00   1.159   0.021 0 0
8721604 23/03/2000 17:00   0.994   0.012 0 0
8721604 23/03/2000 18:00   0.695   0.014 0 0
8721604 23/03/2000 19:00   0.454   0.014 0 0
8721604 23/03/2000 20:00   0.248   0.012 0 0
8721604 23/03/2000 21:00   0.220   0.014 0 0
8721604 23/03/2000 22:00   0.281   0.009 0 0
8721604 23/03/2000 23:00   0.477   0.025 0 0
8721604 24/03/2000 00:00   0.733   0 0
8721604 24/03/2000 01:00   1.006   0.011 0 0
8721604 24/03/2000 02:00   1.283   0.015 0 0
8721604 24/03/2000 03:00   1.412   0.012 0 0
8721604 24/03/2000 04:00   1.355   0.012 0 0
8721604 24/03/2000 05:00   1.222   0.017 0 0
8721604 24/03/2000 06:00   1.028   0.012 0 0
8721604 24/03/2000 07:00   0.730   0 0
8721604 24/03/2000 08:00   0.497   0.009 0 0
8721604 24/03/2000 09:00   0.350   0.011 0 0
8721604 24/03/2000 10:00   0.318   0.010 0 0
8721604 24/03/2000 11:00   0.469   0.010 0 0
8721604 24/03/2000 12:00   0.609   0.018 0 0
8721604 24/03/2000 13:00   0.775   0.014 0 0
8721604 24/03/2000 14:00   1.004   0.013 0 0
8721604 24/03/2000 15:00   1.175   0.017 0 0
8721604 24/03/2000 16:00   1.127   0.013 0 0
8721604 24/03/2000 17:00   1.070   0.012 0 0
8721604 24/03/2000 18:00   0.863   0.010 0 0
8721604 24/03/2000 19:00   0.645   0.017 0 0
8721604 24/03/2000 20:00   0.443   0.013 0 0
8721604 24/03/2000 21:00   0.305   0.016 0 0
8721604 24/03/2000 22:00   0.331   0.010 0 0
8721604 24/03/2000 23:00   0.369   0.019 0 0
8721604 25/03/2000 00:00   0.584   0.014 0 0
8721604 25/03/2000 01:00   0.793   0.016 0 0
8721604 25/03/2000 02:00   1.046   0.016 0 0
8721604 25/03/2000 03:00   1.253   0.012 0 0
8721604 25/03/2000 04:00   1.350   0.015 0 0
8721604 25/03/2000 05:00   1.219   0.014 0 0
8721604 25/03/2000 06:00   1.099   0.018 0 0
8721604 25/03/2000 07:00   0.913   0.014 0 0
8721604 25/03/2000 08:00   0.680   0.012 0 0
8721604 25/03/2000 09:00   0.465   0.010 0 0
8721604 25/03/2000 10:00   0.359   0.009 0 0
8721604 25/03/2000 11:00   0.342   0.008 0 0
8721604 25/03/2000 12:00   0.448   0.015 0 0
8721604 25/03/2000 13:00   0.588   0.014 0 0
8721604 25/03/2000 14:00   0.798   0.013 0 0
8721604 25/03/2000 15:00   0.943   0.013 0 0
8721604 25/03/2000 16:00   1.019   0.017 0 0
8721604 25/03/2000 17:00   0.978   0.016 0 0
8721604 25/03/2000 18:00   0.844   0.015 0 0
8721604 25/03/2000 19:00   0.742   0.017 0 0
8721604 25/03/2000 20:00   0.510   0.016 0 0
8721604 25/03/2000 21:00   0.366   0.013 0 0
8721604 25/03/2000 22:00   0.257   0.011 0 0
8721604 25/03/2000 23:00   0.321   0.013 0 0
8721604 26/03/2000 00:00   0.390   0.015 0 0
8721604 26/03/2000 01:00   0.550   0.017 0 0
8721604 26/03/2000 02:00   0.781   0.020 0 0
8721604 26/03/2000 03:00   1.014   0.015 0 0
8721604 26/03/2000 04:00   1.124   0.016 0 0
8721604 26/03/2000 05:00   1.194   0.013 0 0
8721604 26/03/2000 06:00   1.105   0.015 0 0
8721604 26/03/2000 07:00   0.903   0.017 0 0
8721604 26/03/2000 08:00   0.720   0.012 0 0
8721604 26/03/2000 09:00   0.531   0.013 0 0
8721604 26/03/2000 10:00   0.372   0.015 0 0
8721604 26/03/2000 11:00   0.327   0.012 0 0
8721604 26/03/2000 12:00   0.251   0.013 0 0
8721604 26/03/2000 13:00   0.344   0.010 0 0
8721604 26/03/2000 14:00   0.513   0.009 0 0
8721604 26/03/2000 15:00   0.657   0.014 0 0
8721604 26/03/2000 16:00   0.847   0.010 0 0
8721604 26/03/2000 17:00   0.902   0.014 0 0
8721604 26/03/2000 18:00   0.826   0.012 0 0
8721604 26/03/2000 19:00   0.746   0.011 0 0
8721604 26/03/2000 20:00   0.655   0.009 0 0
8721604 26/03/2000 21:00   0.467   0.016 0 0
8721604 26/03/2000 22:00   0.374   0.009 0 0
8721604 26/03/2000 23:00   0.291   0.014 0 0
8721604 27/03/2000 00:00   0.258   0 0
8721604 27/03/2000 01:00   0.391   0.011 0 0
8721604 27/03/2000 02:00   0.498   0.011 0 0
8721604 27/03/2000 03:00   0.764   0.016 0 0
8721604 27/03/2000 04:00   0.960   0.011 0 0
8721604 27/03/2000 05:00   1.041   0.008 0 0
8721604 27/03/2000 06:00   1.077   0.007 0 0
8721604 27/03/2000 07:00   1.058   0.009 0 0
8721604 27/03/2000 08:00   0.926   0.006 0 0
8721604 27/03/2000 09:00   0.741   0.009 0 0
8721604 27/03/2000 10:00   0.570   0.007 0 0
8721604 27/03/2000 11:00   0.411   0.006 0 0
8721604 27/03/2000 12:00   0.299   0.007 0 0
8721604 27/03/2000 13:00   0.404   0.008 0 0
8721604 27/03/2000 14:00   0.464   0.011 0 0
8721604 27/03/2000 15:00   0.614   0.010 0 0
8721604 27/03/2000 16:00   0.779   0.013 0 0
8721604 27/03/2000 17:00   0.879   0.010 0 0
8721604 27/03/2000 18:00   0.867   0.010 0 0
8721604 27/03/2000 19:00   0.847   0.010 0 0
8721604 27/03/2000 20:00   0.768   0.012 0 0
8721604 27/03/2000 21:00   0.690   0.013 0 0
8721604 27/03/2000 22:00   0.533   0.013 0 0
8721604 27/03/2000 23:00   0.240   0.017 0 0
8721604 28/03/2000 00:00   0.286   0.011 0 0
8721604 28/03/2000 01:00   0.366   0.018 0 0
8721604 28/03/2000 02:00   0.408   0.009 0 0
8721604 28/03/2000 03:00   0.566   0.012 0 0
8721604 28/03/2000 04:00   0.820   0.012 0 0
8721604 28/03/2000 05:00   0.928   0.017 0 0
8721604 28/03/2000 06:00   0.984   0.010 0 0
8721604 28/03/2000 07:00   1.166   0.010 0 0
8721604 28/03/2000 08:00   1.044   0.008 0 0
8721604 28/03/2000 09:00   0.836   0.008 0 0
8721604 28/03/2000 10:00   0.652   0.008 0 0
8721604 28/03/2000 11:00   0.553   0.012 0 0
8721604 28/03/2000 12:00   0.460   0.006 0 0
8721604 28/03/2000 13:00   0.339   0.007 0 0
8721604 28/03/2000 14:00   0.361   0.005 0 0
8721604 28/03/2000 15:00   0.440   0.014 0 0
8721604 28/03/2000 16:00   0.626   0.006 0 0
8721604 28/03/2000 17:00   0.794   0.007 0 0
8721604 28/03/2000 18:00   0.879   0.007 0 0
8721604 28/03/2000 19:00   0.900   0.010 0 0
8721604 28/03/2000 20:00   0.845   0.007 0 0
8721604 28/03/2000 21:00   0.717   0.006 0 0
8721604 28/03/2000 22:00   0.656   0.007 0 0
8721604 28/03/2000 23:00   0.463   0.008 0 0
8721604 29/03/2000 00:00   0.292   0.007 0 0
8721604 29/03/2000 01:00   0.323   0.007 0 0
8721604 29/03/2000 02:00   0.326   0.007 0 0
8721604 29/03/2000 03:00   0.359   0.008 0 0
8721604 29/03/2000 04:00   0.535   0.007 0 0
8721604 29/03/2000 05:00   0.796   0.010 0 0
8721604 29/03/2000 06:00   0.917   0.005 0 0
8721604 29/03/2000 07:00   0.931   0.004 0 0
8721604 29/03/2000 08:00   1.003   0.005 0 0
8721604 29/03/2000 09:00   0.957   0.004 0 0
8721604 29/03/2000 10:00   0.758   0.005 0 0
8721604 29/03/2000 11:00   0.562   0.005 0 0
8721604 29/03/2000 12:00   0.387   0.006 0 0
8721604 29/03/2000 13:00   0.326   0.006 0 0
8721604 29/03/2000 14:00   0.238   0.005 0 0
8721604 29/03/2000 15:00   0.256   0.004 0 0
8721604 29/03/2000 16:00   0.385   0.009 0 0
8721604 29/03/2000 17:00   0.554   0.009 0 0
8721604 29/03/2000 18:00   0.618   0.015 0 0
8721604 29/03/2000 19:00   0.753   0.006 0 0
8721604 29/03/2000 20:00   0.787   0.008 0 0
8721604 29/03/2000 21:00   0.745   0.009 0 0
8721604 29/03/2000 22:00   0.693   0.007 0 0
8721604 29/03/2000 23:00   0.531   0.007 0 0
8721604 30/03/2000 00:00   0.383   0.004 0 0
8721604 30/03/2000 01:00   0.259   0.006 0 0
8721604 30/03/2000 02:00   0.193   0.010 0 0
8721604 30/03/2000 03:00   0.217   0.009 0 0
8721604 30/03/2000 04:00   0.343   0.010 0 0
8721604 30/03/2000 05:00   0.528   0.013 0 0
8721604 30/03/2000 06:00   0.738   0.010 0 0
8721604 30/03/2000 07:00   0.870   0.013 0 0
8721604 30/03/2000 08:00   0.979   0.011 0 0
8721604 30/03/2000 09:00   1.055   0.009 0 0
8721604 30/03/2000 10:00   0.911   0.009 0 0
8721604 30/03/2000 11:00   0.701   0.018 0 0
8721604 30/03/2000 12:00   0.624   0.011 0 0
8721604 30/03/2000 13:00   0.302   0.008 0 0
8721604 30/03/2000 14:00   0.147   0.012 0 0
8721604 30/03/2000 15:00   0.140   0.008 0 0
8721604 30/03/2000 16:00   0.262   0.008 0 0
8721604 30/03/2000 17:00   0.485   0.008 0 0
8721604 30/03/2000 18:00   0.559   0.012 0 0
8721604 30/03/2000 19:00   0.685   0.010 0 0
8721604 30/03/2000 20:00   0.867   0.011 0 0
8721604 30/03/2000 21:00   0.883   0.009 0 0
8721604 30/03/2000 22:00   0.749   0.013 0 0
8721604 30/03/2000 23:00   0.683   0 0
8721604 31/03/2000 00:00   0.536   0.009 0 0
8721604 31/03/2000 01:00   0.316   0.008 0 0
8721604 31/03/2000 02:00   0.265   0.010 0 0
8721604 31/03/2000 03:00   0.196   0.028 0 0
8721604 31/03/2000 04:00   0.351   0.012 0 0
8721604 31/03/2000 05:00   0.439   0.024 0 0
8721604 31/03/2000 06:00   0.475   0.015 0 0
8721604 31/03/2000 07:00   0.857   0.011 0 0
8721604 31/03/2000 08:00   0.922   0.010 0 0
8721604 31/03/2000 09:00   1.126   0.026 0 0
8721604 31/03/2000 10:00   1.067   0.016 0 0
8721604 31/03/2000 11:00   0.974   0.010 0 0
8721604 31/03/2000 12:00   0.763   0.008 0 0
8721604 31/03/2000 13:00   0.544   0.015 0 0
8721604 31/03/2000 14:00   0.312   0.013 0 0
8721604 31/03/2000 15:00   0.175   0.005 0 0
8721604 31/03/2000 16:00   0.227   0.012 0 0
8721604 31/03/2000 17:00   0.267   0.007 0 0
8721604 31/03/2000 18:00   0.455   0.006 0 0
8721604 31/03/2000 19:00   0.626   0.006 0 0
8721604 31/03/2000 20:00   0.801   0.012 0 0
8721604 31/03/2000 21:00   0.940   0.006 0 0
8721604 31/03/2000 22:00   1.004   0.015 0 0
8721604 31/03/2000 23:00   0.875   0.016 0 0
8721604 01/04/2000 00:00   0.726   0.010 0 0
8721604 01/04/2000 01:00   0.560   0.016 0 0
8721604 01/04/2000 02:00   0.344   0.013 0 0
8721604 01/04/2000 03:00   0.275   0.007 0 0
8721604 01/04/2000 04:00   0.224   0.004 0 0
8721604 01/04/2000 05:00   0.336   0.006 0 0
8721604 01/04/2000 06:00   0.488   0.007 0 0
8721604 01/04/2000 07:00   0.740   0.006 0 0
8721604 01/04/2000 08:00   0.944   0.006 0 0
8721604 01/04/2000 09:00   1.141   0.005 0 0
8721604 01/04/2000 10:00   1.219   0.005 0 0
8721604 01/04/2000 11:00   1.189   0.005 0 0
8721604 01/04/2000 12:00   1.036   0.010 0 0
8721604 01/04/2000 13:00   0.832   0.008 0 0
8721604 01/04/2000 14:00   0.609   0.005 0 0
8721604 01/04/2000 15:00   0.371   0.009 0 0
8721604 01/04/2000 16:00   0.270   0.007 0 0
8721604 01/04/2000 17:00   0.265   0.009 0 0
8721604 01/04/2000 18:00   0.407   0.008 0 0
8721604 01/04/2000 19:00   0.585   0.010 0 0
8721604 01/04/2000 20:00   0.760   0.013 0 0
8721604 01/04/2000 21:00   0.925   0.015 0 0
8721604 01/04/2000 22:00   1.087   0.010 0 0
8721604 01/04/2000 23:00   1.107   0.014 0 0
